Loop0-beta_i4,0.054554609063861614
Loop0-beta_i5,0.04815842470467875
Loop0-beta_i6,-0.013813840831584878
Loop0-beta_i7,0.016345508602685632
Loop0-beta_i8,-0.016290565356947923
Loop0-beta_i9,0.017700515468015154
Loop0-beta_r5,0.045382847622217726
Loop0-beta_r6,-0.034651684429800295
Loop0-beta_r7,0.0749321129409597
Loop0-beta_r8,0.033300531841368386
Loop0-beta_r9,0.09205713917695862
Loop0-d_k1,0.02134120535570072
Loop0-d_k2,0.054619150841776154
Loop0-d_k3,-0.04161789502708957
Loop0-d_k4,-0.034342461170386196
Loop0-theta0,-0.21710697386749223
Loop0-theta1,0.01705757580027889
Loop0-theta2,0.0759634483892987
Loop0-theta3,0.13875981694469763
Loop0-theta4,0.3921261752039551
Loop0-theta5,0.02988204662089522
Loop0-theta6,0.0964388814835004
Loop0-theta7,0.08749123424044465
Loop0-theta8,-0.044564475502185674
Loop0-theta9,-0.018124047540574173
Loop0-theta10,0.2009868953368763
Loop0-theta11,0.4563488207113583
Loop0-theta12,0.05613802830351111
Loop0-theta13,-0.20139175274650145
Loop0-theta14,0.1052875774394475
Loop0-theta15,0.07462923460611848
Loop0-theta16,-0.06988874739361572
Loop0-theta17,0.16143286953228503
Loop0-theta18,0.09318673736638727
Loop0-theta19,-0.32054192116314706
Loop0-theta20,0.2539915010958239
Loop0-theta21,0.18971436311660428
Loop0-theta22,-0.0917176412454015
Loop0-theta23,0.34709037811645604
Loop0-theta24,0.15008321249036127
Loop0-theta25,0.054858392623559626
Loop0-theta26,-0.1003888829521192
Loop0-theta27,0.08030538786028041
Loop0-theta28,0.07845963367485168
Loop0-theta29,0.05293949373589624
Loop0-theta30,0.023180728533073847
Loop0-theta31,-0.028733970193957403
Loop0-theta32,0.04673336910316839
Loop0-theta33,0.07118381278290808
Loop0-theta34,0.13906590868653523
Loop0-theta35,0.2558033100501679
Loop0-theta36,0.15142390537117256
Loop0-theta37,0.31156288186955305
Loop0-theta38,-0.0348715847768335
Loop0-theta39,0.10980645543616085
Loop0-theta40,0.2057839896189959
Loop0-theta41,0.28387256231213454
Loop0-theta42,-0.004813725425068915
Loop0-theta43,-0.35248285918649014
Loop0-theta44,0.06136488473919055
Loop0-theta45,0.14132567195328902
Loop0-theta46,0.15103987428636928
Loop0-theta47,0.16680379012453495
Loop0-theta48,0.2704965524304799
Loop0-theta49,0.1637649907744687
Loop0-theta50,0.2194129780380818
Loop0-theta51,0.061725906001346253
Loop0-theta52,-0.004109959872466144
Loop0-theta53,0.293920419411951
Loop0-theta54,-0.12873926311106842
Loop0-theta55,-0.012892131902634774
Loop0-theta56,-0.05362738099613962
Loop0-theta57,-0.22717962972454775
Loop0-theta58,0.04480416403798865
Loop0-theta59,0.1298958318991852
Loop0-theta60,0.025098974293431553
Loop0-theta61,0.13406789337170488
Loop0-theta62,0.002549895132648611
Loop0-theta63,-0.24911698352460565
Loop0-theta64,-0.003577733624204993
Loop0-theta65,0.15060701895147355
Loop0-theta66,0.1294769000067485
Loop0-theta67,-0.11233202969579459
Loop0-theta68,-0.008980679725631213
Loop0-theta69,0.09770473892407527
Loop0-theta70,-0.06017719922730436
Loop0-theta71,0.09746480348461412
Loop0-theta72,-0.10714413491718387
Loop0-theta73,-0.06832915733067046
Loop0-theta74,0.3028887454180411
Loop0-theta75,0.1685104144917806
Loop0-theta76,0.24254768852724484
Loop0-theta77,0.030944582075914606
Loop0-theta78,0.05380311771630536
Loop0-theta79,0.18079581262426592
Loop0-theta80,0.2172086711114864
Loop0-theta81,0.12389039847625072
Loop0-theta82,-0.07180437821208166
Loop0-theta83,0.06828467654796533
Loop0-theta84,-0.11075483456057056
Loop0-theta85,0.20486211533902088
Loop0-theta86,0.040123589904308254
Loop0-theta87,-0.02195567256072166
Loop0-theta88,0.027011017175047947
Loop0-theta89,0.3078571931506942
Loop0-theta90,-0.09865069127951198
Loop0-theta91,0.09711755593231453
Loop0-theta92,-0.03138261395186259
Loop0-theta93,0.18407766853527718
Loop0-theta94,0.055251557811792584
Loop0-theta95,-0.07911592294113778
Loop0-theta96,-0.17497341841605984
Loop0-theta97,0.0827666784047818
Loop0-theta98,-0.021462152648155788
Loop0-theta99,0.21391893669871673
Loop1-beta_i4,0.034477392096739834
Loop1-beta_i5,0.0552672857057227
Loop1-beta_i6,0.007273116197079252
Loop1-beta_i7,0.08051709179280447
Loop1-beta_i8,0.054421236723170396
Loop1-beta_i9,0.01721275999854105
Loop1-beta_r5,0.0015929023302705403
Loop1-beta_r6,-0.046078327340865255
Loop1-beta_r7,-0.01657948336926124
Loop1-beta_r8,0.007447131499436432
Loop1-beta_r9,0.02731479376841439
Loop1-d_k1,0.03471283993178165
Loop1-d_k2,0.01240505549535087
Loop1-d_k3,0.009416799150753163
Loop1-d_k4,-0.05653469457788507
Loop1-theta0,0.036797961648802446
Loop1-theta1,-0.10381404412454734
Loop1-theta2,0.06059362813722258
Loop1-theta3,-0.05605243847429087
Loop1-theta4,0.04869556693796753
Loop1-theta5,0.02338904472387071
Loop1-theta6,0.009921171609728607
Loop1-theta7,-0.014195769481780918
Loop1-theta8,0.06275939649594461
Loop1-theta9,0.030372834663027093
Loop1-theta10,-0.11429030196718726
Loop1-theta11,-0.09268413081422944
Loop1-theta12,-0.029946546210744385
Loop1-theta13,0.05060839438917042
Loop1-theta14,0.04705664780501162
Loop1-theta15,-0.07556656368688452
Loop1-theta16,0.10084872139601941
Loop1-theta17,0.18083669263140223
Loop1-theta18,0.2588110610318286
Loop1-theta19,-0.1584401990731641
Loop1-theta20,0.09229120424325277
Loop1-theta21,0.07743819048021638
Loop1-theta22,0.08096500970605147
Loop1-theta23,-0.33887520832150453
Loop1-theta24,0.057831960448895735
Loop1-theta25,-0.05862234676642264
Loop1-theta26,0.1840292390638607
Loop1-theta27,0.07399158378864945
Loop1-theta28,0.0878593659953314
Loop1-theta29,0.2029247866422777
Loop1-theta30,0.05309695009937082
Loop1-theta31,0.002397054682218014
Loop1-theta32,0.20746992399019257
Loop1-theta33,-0.06881248966080278
Loop1-theta34,0.18819942699727718
Loop1-theta35,-0.05076934813150702
Loop1-theta36,0.028756023571761102
Loop1-theta37,-0.091489850640186
Loop1-theta38,0.048204078136828366
Loop1-theta39,-0.07596310826427127
Loop1-theta40,0.13406997384577662
Loop1-theta41,-0.06264884220563793
Loop1-theta42,-0.13210474782168724
Loop1-theta43,-0.01405360365063446
Loop1-theta44,-0.06859633880500227
Loop1-theta45,0.05438273318505793
Loop1-theta46,-0.12580918047695966
Loop1-theta47,0.06539108274668973
Loop1-theta48,-0.112100496462062
Loop1-theta49,0.023734601230275654
Loop1-theta50,0.09786187054091144
Loop1-theta51,-0.13088861235588678
Loop1-theta52,0.01912577776368951
Loop1-theta53,-0.1425217684057738
Loop1-theta54,-0.0742762614975554
Loop1-theta55,0.0824000536721945
Loop1-theta56,0.09013380360982258
Loop1-theta57,-0.23584184692167298
Loop1-theta58,0.04925494846397083
Loop1-theta59,-0.09970429840905404
Loop1-theta60,0.12495724303152489
Loop1-theta61,-0.07492750331040449
Loop1-theta62,0.17939881497172472
Loop1-theta63,0.17429017164297733
Loop1-theta64,0.09736808408620223
Loop1-theta65,-0.008586204664943753
Loop1-theta66,0.0030307049873223857
Loop1-theta67,0.1950754586109753
Loop1-theta68,0.17090335933242098
Loop1-theta69,-0.01497457089680565
Loop1-theta70,-0.11797649587839909
Loop1-theta71,0.2164332368976079
Loop1-theta72,-0.08082055107230102
Loop1-theta73,0.027116418650203256
Loop1-theta74,-0.039128186017741706
Loop1-theta75,-0.1492233093636644
Loop1-theta76,0.25362012100239095
Loop1-theta77,-0.07616574838583645
Loop1-theta78,-0.018388560912770524
Loop1-theta79,0.09512040193486182
Loop1-theta80,0.05292238116384594
Loop1-theta81,-0.26754846040745517
Loop1-theta82,0.05440198859159906
Loop1-theta83,0.21991539024751816
Loop1-theta84,0.06915043442690505
Loop1-theta85,0.1729126474363798
Loop1-theta86,-0.07327696327580346
Loop1-theta87,-0.145531688322182
Loop1-theta88,-0.08167831627954747
Loop1-theta89,0.014363827805095819
Loop1-theta90,0.1098009376111837
Loop1-theta91,-0.10213118766418683
Loop1-theta92,0.1455590291692479
Loop1-theta93,0.04170654943611296
Loop1-theta94,0.1339326758011028
Loop1-theta95,0.1123529844688349
Loop1-theta96,0.006115925970258507
Loop1-theta97,0.14704911010358868
Loop1-theta98,0.059435042807392646
Loop1-theta99,0.2443205707589513
Loop2-beta_i4,-0.05556493938365037
Loop2-beta_i5,0.06651889487004647
Loop2-beta_i6,0.022724610583580662
Loop2-beta_i7,0.06510358446732317
Loop2-beta_i8,-0.0018851406810505567
Loop2-beta_i9,0.06149011715945174
Loop2-beta_r5,0.010889620829914737
Loop2-beta_r6,0.014425760130268639
Loop2-beta_r7,0.07461025745565963
Loop2-beta_r8,0.014152619092223484
Loop2-beta_r9,0.05673012507228242
Loop2-d_k1,0.02815609406221592
Loop2-d_k2,0.026710073430796344
Loop2-d_k3,-0.032507505605735315
Loop2-d_k4,-0.022358661887277004
Loop2-theta0,0.24632975938947455
Loop2-theta1,-0.10776322981894171
Loop2-theta2,-0.02197079117238765
Loop2-theta3,0.12124080382204722
Loop2-theta4,0.06136997053293236
Loop2-theta5,0.10835993315150805
Loop2-theta6,0.02704098135653643
Loop2-theta7,-0.0015184291356395985
Loop2-theta8,0.0893603640117413
Loop2-theta9,-0.023412935783993505
Loop2-theta10,0.17967210416799562
Loop2-theta11,0.1721876050070421
Loop2-theta12,0.008608079978556449
Loop2-theta13,0.09822443230756284
Loop2-theta14,0.0456759766008874
Loop2-theta15,0.19495231344375594
Loop2-theta16,0.18882126471327565
Loop2-theta17,-0.06095618928682506
Loop2-theta18,0.06522149073171879
Loop2-theta19,0.14973504474260668
Loop2-theta20,0.17253635208873863
Loop2-theta21,0.0023000131556607517
Loop2-theta22,0.021448712644835444
Loop2-theta23,0.08858047149982812
Loop2-theta24,-0.010964371884772284
Loop2-theta25,0.15010201862040196
Loop2-theta26,0.1199805716836968
Loop2-theta27,0.08114284375529457
Loop2-theta28,0.03255690039648047
Loop2-theta29,-0.09115720916477615
Loop2-theta30,-0.11187615634231918
Loop2-theta31,0.13895300219367795
Loop2-theta32,0.274830860858051
Loop2-theta33,0.0011977089951764053
Loop2-theta34,0.20981801616523232
Loop2-theta35,-0.21287530586407644
Loop2-theta36,0.07984368089174043
Loop2-theta37,-0.07075126502260387
Loop2-theta38,-0.0041803977451621566
Loop2-theta39,-0.08012458938571854
Loop2-theta40,0.4115297856940734
Loop2-theta41,-0.043815317052857496
Loop2-theta42,0.11784304048151428
Loop2-theta43,-0.15073545443910152
Loop2-theta44,0.020294202511786485
Loop2-theta45,0.2134317369323503
Loop2-theta46,0.0167440868648272
Loop2-theta47,0.20684935977581143
Loop2-theta48,-0.02812278859911177
Loop2-theta49,0.14570143934452484
Loop2-theta50,-0.014086764756242154
Loop2-theta51,0.1908741644038534
Loop2-theta52,0.09784286151065022
Loop2-theta53,-0.07471395731928965
Loop2-theta54,-0.01170273338052974
Loop2-theta55,0.15801161773670058
Loop2-theta56,0.14468196194163285
Loop2-theta57,0.1471584858655806
Loop2-theta58,0.2728962578501506
Loop2-theta59,0.07553553909046917
Loop2-theta60,0.17009350459571992
Loop2-theta61,-0.04104618625442957
Loop2-theta62,0.0218736179165383
Loop2-theta63,0.01284481535540527
Loop2-theta64,0.02068355639921715
Loop2-theta65,-0.08459293990076722
Loop2-theta66,-0.11012389211518614
Loop2-theta67,0.2129489147494339
Loop2-theta68,0.09439627218407148
Loop2-theta69,-0.16792180216149033
Loop2-theta70,-0.022789350987948542
Loop2-theta71,-0.12906972266167582
Loop2-theta72,0.11910569714074537
Loop2-theta73,0.02432870559395095
Loop2-theta74,0.10460897091165522
Loop2-theta75,0.08157595791453831
Loop2-theta76,0.056054536728175286
Loop2-theta77,0.24332993823065963
Loop2-theta78,0.0036207321638783707
Loop2-theta79,0.009921654008605951
Loop2-theta80,0.20857128779893042
Loop2-theta81,0.02477150444259557
Loop2-theta82,0.17999902717513455
Loop2-theta83,0.15183731769751652
Loop2-theta84,0.15004660986400187
Loop2-theta85,0.02492227873463579
Loop2-theta86,3.2267211606246127E-4
Loop2-theta87,-0.040435859934381035
Loop2-theta88,0.2590972357598307
Loop2-theta89,0.1528961265513531
Loop2-theta90,-0.01986209856987864
Loop2-theta91,-0.031160199788042103
Loop2-theta92,0.0876045102862747
Loop2-theta93,0.14863595611432368
Loop2-theta94,-0.036216291134796574
Loop2-theta95,-0.22177056071592438
Loop2-theta96,-0.029945945032841537
Loop2-theta97,-0.013032375910437488
Loop2-theta98,0.12276400661990905
Loop2-theta99,0.09622826370704249
Loop3-beta_i4,-0.07161898386272947
Loop3-beta_i5,0.04698095777217293
Loop3-beta_i6,-0.03380303399296783
Loop3-beta_i7,-0.054116599826846565
Loop3-beta_i8,-0.047120099704032914
Loop3-beta_i9,-0.12703947218662837
Loop3-beta_r5,0.10936247243457387
Loop3-beta_r6,0.06427746506864507
Loop3-beta_r7,0.04572604566630628
Loop3-beta_r8,0.08200734971067336
Loop3-beta_r9,0.05288642173432878
Loop3-d_k1,0.022892129080094303
Loop3-d_k2,-0.02886769931474098
Loop3-d_k3,0.025743991145406375
Loop3-d_k4,-0.019768420910760254
Loop3-theta0,0.15783872505087138
Loop3-theta1,0.14222927328184304
Loop3-theta2,-0.04327434172703892
Loop3-theta3,0.03961851837773189
Loop3-theta4,0.03344924277243
Loop3-theta5,0.08410376060916164
Loop3-theta6,0.16315848413176837
Loop3-theta7,-0.010181721104337016
Loop3-theta8,-0.004881810214206639
Loop3-theta9,6.821811421429125E-4
Loop3-theta10,0.03075282514109645
Loop3-theta11,0.17524409561061538
Loop3-theta12,-0.06397545989562148
Loop3-theta13,0.07939965640637625
Loop3-theta14,0.010330462109690575
Loop3-theta15,0.06531149766906552
Loop3-theta16,-0.12210236245157907
Loop3-theta17,0.009208513185581468
Loop3-theta18,0.10532287768211718
Loop3-theta19,-0.0293186197955142
Loop3-theta20,0.09052255790800084
Loop3-theta21,-0.08710513148187427
Loop3-theta22,0.035691340700133994
Loop3-theta23,0.005134994860321207
Loop3-theta24,0.02237266560875595
Loop3-theta25,0.042442932597685945
Loop3-theta26,0.1256882239045532
Loop3-theta27,-0.03583119535534279
Loop3-theta28,-0.06518613792781881
Loop3-theta29,0.29397448790467084
Loop3-theta30,0.11918055988206067
Loop3-theta31,-0.15656798601966376
Loop3-theta32,0.09095623271773356
Loop3-theta33,-0.09877185337457639
Loop3-theta34,-0.21575180389598914
Loop3-theta35,-0.1738459077060963
Loop3-theta36,-0.10011959488165277
Loop3-theta37,-0.09783420252045509
Loop3-theta38,0.07555867990527498
Loop3-theta39,0.03125196553468268
Loop3-theta40,-0.14219454816390126
Loop3-theta41,0.3709711280987834
Loop3-theta42,-0.026364322517457683
Loop3-theta43,0.09006385971229375
Loop3-theta44,0.008130328144076049
Loop3-theta45,0.04545334666653014
Loop3-theta46,-0.02006036162794577
Loop3-theta47,0.13386386364931535
Loop3-theta48,0.10298391677403618
Loop3-theta49,0.31952245602609475
Loop3-theta50,0.03886662158293264
Loop3-theta51,0.17725272955840454
Loop3-theta52,0.22092645733839156
Loop3-theta53,0.10491819150446902
Loop3-theta54,-0.002897419159380757
Loop3-theta55,0.09438236425202778
Loop3-theta56,-0.07584058451613493
Loop3-theta57,0.15964417172622403
Loop3-theta58,0.23942563152328367
Loop3-theta59,-0.08310201550468477
Loop3-theta60,-0.04626704733160514
Loop3-theta61,0.15221994745266976
Loop3-theta62,0.06754298337402398
Loop3-theta63,-0.39558183739348535
Loop3-theta64,0.13092391797444503
Loop3-theta65,-0.026925395307387356
Loop3-theta66,-0.012234003676780347
Loop3-theta67,0.2183641241843357
Loop3-theta68,0.1468035345265678
Loop3-theta69,0.1575044175612338
Loop3-theta70,-0.19919376307328923
Loop3-theta71,0.20434764886455503
Loop3-theta72,0.09212227078335475
Loop3-theta73,0.4105887120492356
Loop3-theta74,-0.15540940690374916
Loop3-theta75,0.07248028320743716
Loop3-theta76,-0.049027018389407484
Loop3-theta77,0.17339150111917656
Loop3-theta78,-0.05183236984002282
Loop3-theta79,-0.02253824831082485
Loop3-theta80,0.4902637932284827
Loop3-theta81,0.13601926914273277
Loop3-theta82,0.2688946762561213
Loop3-theta83,0.06381393785467604
Loop3-theta84,-0.07699454658941463
Loop3-theta85,0.11343729385646328
Loop3-theta86,-0.09803861206721465
Loop3-theta87,-0.045055514295702814
Loop3-theta88,0.26133819708858963
Loop3-theta89,0.07016767701561533
Loop3-theta90,-0.024332401804486634
Loop3-theta91,0.2146502784181814
Loop3-theta92,-0.15495566442496078
Loop3-theta93,0.04047274893611963
Loop3-theta94,0.2803775280154245
Loop3-theta95,0.08303234138467763
Loop3-theta96,-0.10417075100066264
Loop3-theta97,-0.03828602667387937
Loop3-theta98,-0.17091876798282685
Loop3-theta99,-0.09637682767067313
Loop4-beta_i4,-0.05325329212923435
Loop4-beta_i5,0.05297825878583584
Loop4-beta_i6,-0.09523101237290588
Loop4-beta_i7,0.01371448530051532
Loop4-beta_i8,-0.08814612821861156
Loop4-beta_i9,-0.029694960556186922
Loop4-beta_r5,0.04209267756665458
Loop4-beta_r6,0.11903177322158842
Loop4-beta_r7,0.1177573251896721
Loop4-beta_r8,0.04345734014222047
Loop4-beta_r9,0.01888199521016154
Loop4-d_k1,0.06254772607499337
Loop4-d_k2,0.030406345829088813
Loop4-d_k3,-0.06747316367162534
Loop4-d_k4,-0.0254809082324573
Loop4-theta0,0.13692760226483036
Loop4-theta1,-0.011781010816782844
Loop4-theta2,0.18553477355279924
Loop4-theta3,0.14310359443496645
Loop4-theta4,0.1035564853053188
Loop4-theta5,0.046903276544437156
Loop4-theta6,-5.314483702839046E-4
Loop4-theta7,0.08555439446020369
Loop4-theta8,8.587563093160888E-4
Loop4-theta9,0.28355452908069334
Loop4-theta10,0.0062890474336980695
Loop4-theta11,0.06774833087050425
Loop4-theta12,0.2868757021151829
Loop4-theta13,-0.14894868587723864
Loop4-theta14,-0.0813791534576278
Loop4-theta15,0.35578048925136807
Loop4-theta16,0.1310642879887165
Loop4-theta17,0.002579132853811339
Loop4-theta18,-0.18966924965195786
Loop4-theta19,0.25998456153664135
Loop4-theta20,0.08602097391073121
Loop4-theta21,0.3064068069643333
Loop4-theta22,0.10794061659986753
Loop4-theta23,0.04545711510227968
Loop4-theta24,2.9131859380471248E-5
Loop4-theta25,-0.10787930447869304
Loop4-theta26,0.26302527162830824
Loop4-theta27,0.3152256401128728
Loop4-theta28,-0.067858034584032
Loop4-theta29,0.0861197288319358
Loop4-theta30,-0.0958187298119636
Loop4-theta31,0.1194606474824278
Loop4-theta32,0.06107531188434147
Loop4-theta33,-0.10085290984702217
Loop4-theta34,-0.13082978371821907
Loop4-theta35,-0.03941758556491948
Loop4-theta36,0.0742102901620314
Loop4-theta37,0.13903279666793078
Loop4-theta38,-0.027382798141412312
Loop4-theta39,-0.16695625095159627
Loop4-theta40,-0.07122107163501767
Loop4-theta41,0.016276287452981375
Loop4-theta42,0.15424583388482588
Loop4-theta43,0.029929048454117257
Loop4-theta44,0.11160590072902393
Loop4-theta45,0.16725631921653195
Loop4-theta46,0.053569889110178764
Loop4-theta47,-0.13186502462551175
Loop4-theta48,-0.061844609815732365
Loop4-theta49,0.4246130331598281
Loop4-theta50,0.07945903103937035
Loop4-theta51,0.18099438953693503
Loop4-theta52,0.0017249141993569417
Loop4-theta53,0.019157524931947556
Loop4-theta54,-0.15790763086433313
Loop4-theta55,-0.09421729185413397
Loop4-theta56,0.5718401457771782
Loop4-theta57,-0.03505035012783786
Loop4-theta58,-0.007917385657858378
Loop4-theta59,0.21468043983631344
Loop4-theta60,0.004323294945779765
Loop4-theta61,0.10243783074683455
Loop4-theta62,-0.023737577542909283
Loop4-theta63,0.23837849114256593
Loop4-theta64,0.029858982272116086
Loop4-theta65,0.025950482859567026
Loop4-theta66,0.26170897548372485
Loop4-theta67,0.080395491006658
Loop4-theta68,-0.11230998167020811
Loop4-theta69,-0.06399240159356068
Loop4-theta70,0.03988078551423635
Loop4-theta71,0.13223453783704975
Loop4-theta72,0.24115933149243152
Loop4-theta73,-0.027656407895287005
Loop4-theta74,0.10772267540134542
Loop4-theta75,0.18366388289359326
Loop4-theta76,0.13523771703106924
Loop4-theta77,0.09475434391367055
Loop4-theta78,0.17689730428172723
Loop4-theta79,0.22714892618316096
Loop4-theta80,-0.15859348335334422
Loop4-theta81,-0.0510125147979657
Loop4-theta82,-0.19436580027395384
Loop4-theta83,0.10948992610668329
Loop4-theta84,-0.08244393681379296
Loop4-theta85,0.19366380289040985
Loop4-theta86,-0.008209220630986835
Loop4-theta87,0.01484839012970074
Loop4-theta88,0.12268723572830603
Loop4-theta89,0.16075005212886773
Loop4-theta90,-0.018581987426467494
Loop4-theta91,0.015112166765867241
Loop4-theta92,-0.08732417752624116
Loop4-theta93,-0.13105517188244953
Loop4-theta94,0.17708665288669456
Loop4-theta95,0.02622922841494868
Loop4-theta96,0.1178614233819898
Loop4-theta97,0.5190948635637818
Loop4-theta98,0.11286092822743232
Loop4-theta99,0.05407716058342338
Loop5-beta_i4,0.07340846687603308
Loop5-beta_i5,0.0357337955936646
Loop5-beta_i6,0.03079285810658816
Loop5-beta_i7,0.06120992251746071
Loop5-beta_i8,0.03194909514735511
Loop5-beta_i9,0.09852581987593786
Loop5-beta_r5,-0.046675158719701626
Loop5-beta_r6,-0.06328291879104975
Loop5-beta_r7,-0.031847523961500146
Loop5-beta_r8,-0.014973181304745328
Loop5-beta_r9,-0.028183762697438608
Loop5-d_k1,-0.015510608202425558
Loop5-d_k2,0.05686204217536833
Loop5-d_k3,-0.03689426206126717
Loop5-d_k4,-0.004457171911675162
Loop5-theta0,0.041088601922746104
Loop5-theta1,0.09154233276078405
Loop5-theta2,0.041076914442192414
Loop5-theta3,0.05473559279210524
Loop5-theta4,0.34228033270025904
Loop5-theta5,-0.08718159333035697
Loop5-theta6,0.08598788965517445
Loop5-theta7,0.23626538988467027
Loop5-theta8,0.0186317982737233
Loop5-theta9,-0.0490290884630421
Loop5-theta10,0.05857325813451464
Loop5-theta11,-0.10373312568251208
Loop5-theta12,-0.15420107193296506
Loop5-theta13,0.03577544925381388
Loop5-theta14,-0.010620687552680419
Loop5-theta15,0.34848369564382997
Loop5-theta16,0.2513180949684084
Loop5-theta17,-0.09197011782471831
Loop5-theta18,-0.030718703459664876
Loop5-theta19,-0.18723097781634357
Loop5-theta20,-0.06541298022343217
Loop5-theta21,0.14582490000170334
Loop5-theta22,0.06981865027900422
Loop5-theta23,0.009829949753718759
Loop5-theta24,0.4380637784978627
Loop5-theta25,-0.055593709734992225
Loop5-theta26,0.1133518325168279
Loop5-theta27,-0.02473599546745353
Loop5-theta28,-0.07520292079405766
Loop5-theta29,-0.13024171994056793
Loop5-theta30,0.1322553706641454
Loop5-theta31,0.11214991404183061
Loop5-theta32,-0.058845494339344245
Loop5-theta33,-0.0764617871898419
Loop5-theta34,-0.048542789223593015
Loop5-theta35,-0.08199218962519828
Loop5-theta36,-0.03986793024978866
Loop5-theta37,-0.1358038197868554
Loop5-theta38,-0.09813961032126861
Loop5-theta39,0.03853777685046711
Loop5-theta40,0.11831141235516718
Loop5-theta41,-0.08821654252276634
Loop5-theta42,0.1663774830013076
Loop5-theta43,0.12855516376114862
Loop5-theta44,0.1597376903993038
Loop5-theta45,-0.09930903611017272
Loop5-theta46,-0.1016823439045223
Loop5-theta47,0.01353691686523062
Loop5-theta48,0.40376898763619473
Loop5-theta49,0.3088994720551552
Loop5-theta50,-0.08832953035427182
Loop5-theta51,0.037465816008783515
Loop5-theta52,0.14797593244849794
Loop5-theta53,-0.1382863593073017
Loop5-theta54,-0.08307824684672876
Loop5-theta55,-0.029642434407266327
Loop5-theta56,0.11444335070151423
Loop5-theta57,-0.028075370585231907
Loop5-theta58,-0.009557577512921633
Loop5-theta59,-0.04679799321769851
Loop5-theta60,-0.06308949302692812
Loop5-theta61,-0.23431043199430002
Loop5-theta62,-0.08722239520457709
Loop5-theta63,-0.03781779061912527
Loop5-theta64,0.14994028052043507
Loop5-theta65,0.020315626371664564
Loop5-theta66,-0.13482645717154562
Loop5-theta67,0.03439742650753086
Loop5-theta68,-0.09190721772159649
Loop5-theta69,0.019817793189471078
Loop5-theta70,-0.08365409466614783
Loop5-theta71,-0.19166950002120076
Loop5-theta72,0.20754180552488521
Loop5-theta73,0.08001446310816185
Loop5-theta74,0.09000744982515374
Loop5-theta75,0.08937735421269932
Loop5-theta76,-0.09502422845650194
Loop5-theta77,-0.05562201684590559
Loop5-theta78,-0.08673973537052815
Loop5-theta79,0.3454390787335444
Loop5-theta80,-0.029290736992648503
Loop5-theta81,0.26573471248719227
Loop5-theta82,-0.0037657407108611096
Loop5-theta83,0.47441119043916213
Loop5-theta84,0.05520183581300553
Loop5-theta85,-0.024504920203714642
Loop5-theta86,0.06711367348875683
Loop5-theta87,-0.11943660035449366
Loop5-theta88,0.23045309570323091
Loop5-theta89,0.019694850056721336
Loop5-theta90,0.21789897652587786
Loop5-theta91,0.044175447303416326
Loop5-theta92,-0.0714301198534546
Loop5-theta93,0.30785895536718044
Loop5-theta94,-0.05909841571876667
Loop5-theta95,0.285693368065259
Loop5-theta96,0.20240548384395113
Loop5-theta97,-0.18299289623062287
Loop5-theta98,0.1622319069662248
Loop5-theta99,0.08736605425167043
Loop6-beta_i4,0.08710657172832303
Loop6-beta_i5,-0.08593914041925953
Loop6-beta_i6,0.07677727068153212
Loop6-beta_i7,-0.03659064889401581
Loop6-beta_i8,-0.025108083446820473
Loop6-beta_i9,0.06834974557165685
Loop6-beta_r5,0.05882976504439641
Loop6-beta_r6,0.061601769085841605
Loop6-beta_r7,0.06739411495335679
Loop6-beta_r8,0.016850955408910018
Loop6-beta_r9,0.013050619659284113
Loop6-d_k1,-0.0010747004908076008
Loop6-d_k2,-0.041340303466813666
Loop6-d_k3,0.03813960868289191
Loop6-d_k4,0.004275395274729421
Loop6-theta0,-0.13110433041778913
Loop6-theta1,-0.01876651903540183
Loop6-theta2,0.06662212879047891
Loop6-theta3,0.04581779861105639
Loop6-theta4,0.14781888219193962
Loop6-theta5,-0.13034481861551628
Loop6-theta6,0.21976317078860874
Loop6-theta7,0.16186957084347586
Loop6-theta8,0.18930400719441942
Loop6-theta9,0.06813857159802489
Loop6-theta10,0.0828324742944595
Loop6-theta11,0.1616439004514656
Loop6-theta12,0.027621172482180323
Loop6-theta13,-0.15281358100935472
Loop6-theta14,0.1946027847740796
Loop6-theta15,0.10767251908778863
Loop6-theta16,0.05696061152573573
Loop6-theta17,0.03740841682401563
Loop6-theta18,0.14699689291293333
Loop6-theta19,0.20575265035234647
Loop6-theta20,-0.004319154539708214
Loop6-theta21,-0.19490511496144458
Loop6-theta22,0.27372083598567754
Loop6-theta23,0.09901536404029576
Loop6-theta24,0.20126638800241736
Loop6-theta25,0.2012803895085961
Loop6-theta26,0.046871078870995175
Loop6-theta27,-0.11647732184595944
Loop6-theta28,-0.09580867694912187
Loop6-theta29,0.027775706211998874
Loop6-theta30,0.009121183301257663
Loop6-theta31,0.05937015953064306
Loop6-theta32,-0.046825700066481346
Loop6-theta33,0.21374415988728268
Loop6-theta34,0.1285690678807252
Loop6-theta35,-0.048678635351075306
Loop6-theta36,0.27901568235573737
Loop6-theta37,-0.022585375562800936
Loop6-theta38,-0.06132500245304273
Loop6-theta39,0.09242093120295336
Loop6-theta40,-0.07361727520260164
Loop6-theta41,0.13149475015702805
Loop6-theta42,0.048778545341745305
Loop6-theta43,-0.08877954328236637
Loop6-theta44,-0.0694551797010059
Loop6-theta45,0.2893343637558068
Loop6-theta46,-0.06387470602834477
Loop6-theta47,0.002488033048720001
Loop6-theta48,0.05753751238528437
Loop6-theta49,0.016586139534375433
Loop6-theta50,-0.06194004724930169
Loop6-theta51,-0.16034203521055979
Loop6-theta52,0.12249273966206387
Loop6-theta53,0.19731097666816666
Loop6-theta54,0.1756343015742085
Loop6-theta55,0.19233234597029414
Loop6-theta56,-0.18727179709351993
Loop6-theta57,0.22540464821347506
Loop6-theta58,0.03496370520295555
Loop6-theta59,0.10369154173631379
Loop6-theta60,-0.05759904014389594
Loop6-theta61,-0.15495373823106995
Loop6-theta62,0.04663853804888503
Loop6-theta63,-0.044342659620598524
Loop6-theta64,-0.13188731008287924
Loop6-theta65,-0.031096506600122503
Loop6-theta66,0.22625343129254905
Loop6-theta67,-0.05625269134642574
Loop6-theta68,0.2377470823469967
Loop6-theta69,0.1571721573667184
Loop6-theta70,0.1835698864431578
Loop6-theta71,0.005271938420686517
Loop6-theta72,-0.011875957966055006
Loop6-theta73,-0.010657032015146894
Loop6-theta74,0.15812052271457255
Loop6-theta75,0.02632494228178439
Loop6-theta76,0.011550377784302568
Loop6-theta77,0.2448184714543742
Loop6-theta78,0.139546621184527
Loop6-theta79,0.196544570103943
Loop6-theta80,-0.16840555148327407
Loop6-theta81,-0.0016326063604659158
Loop6-theta82,0.08148318498127843
Loop6-theta83,0.05216327033098289
Loop6-theta84,-0.0913488528179136
Loop6-theta85,-0.14695147388018615
Loop6-theta86,0.07066074595282967
Loop6-theta87,0.12774192536389029
Loop6-theta88,-0.10891691590365604
Loop6-theta89,0.07641854404986606
Loop6-theta90,0.2384720148792292
Loop6-theta91,-0.022993725663656317
Loop6-theta92,-0.058052954388737144
Loop6-theta93,0.12513663148692883
Loop6-theta94,0.06811419291966497
Loop6-theta95,0.15446707487240796
Loop6-theta96,0.12748270789841176
Loop6-theta97,0.15413954094265936
Loop6-theta98,0.023570276423669156
Loop6-theta99,-0.03814700519433489
Loop7-beta_i4,-0.09156974881942359
Loop7-beta_i5,0.04237063901436189
Loop7-beta_i6,0.043298339673841
Loop7-beta_i7,0.03327011857294726
Loop7-beta_i8,-0.0028707841505045684
Loop7-beta_i9,-0.020446171833531146
Loop7-beta_r5,0.10237067474660977
Loop7-beta_r6,-0.06766890926694291
Loop7-beta_r7,0.049599812208649396
Loop7-beta_r8,0.01651858632183223
Loop7-beta_r9,0.044481765001039564
Loop7-d_k1,-0.04437524335329368
Loop7-d_k2,0.03807937078210799
Loop7-d_k3,-0.06642848325795195
Loop7-d_k4,0.07272435582913706
Loop7-theta0,0.06688501865208893
Loop7-theta1,-8.493025173048618E-4
Loop7-theta2,0.038625218048893406
Loop7-theta3,-0.08208468919917378
Loop7-theta4,-0.007761607311655316
Loop7-theta5,0.38594090843192586
Loop7-theta6,0.024078448771582606
Loop7-theta7,0.040301517593510416
Loop7-theta8,-0.06342204929583256
Loop7-theta9,0.21816003723821797
Loop7-theta10,0.04457609723945577
Loop7-theta11,-0.008160539100137157
Loop7-theta12,-0.1683746710310683
Loop7-theta13,0.030631830402562565
Loop7-theta14,-0.3027609938298079
Loop7-theta15,-0.009735942695101807
Loop7-theta16,0.2631549815725406
Loop7-theta17,-0.1055680172895137
Loop7-theta18,0.22473635418811688
Loop7-theta19,-0.15778028743135913
Loop7-theta20,0.22197426739636428
Loop7-theta21,0.30051974857023867
Loop7-theta22,0.06866143563282168
Loop7-theta23,0.06419764052442956
Loop7-theta24,0.13103519379479112
Loop7-theta25,-0.07696906198177808
Loop7-theta26,-0.049497374720857676
Loop7-theta27,0.057470436316337775
Loop7-theta28,0.05034399495749797
Loop7-theta29,0.0517933707076204
Loop7-theta30,0.038774052772519774
Loop7-theta31,0.0405997561448139
Loop7-theta32,-0.02796473247121431
Loop7-theta33,0.10088319498414855
Loop7-theta34,0.0217950776351703
Loop7-theta35,0.044436562886701836
Loop7-theta36,-0.1595413868773754
Loop7-theta37,-0.012088264994969178
Loop7-theta38,0.1612246128036039
Loop7-theta39,-0.031940472672573605
Loop7-theta40,0.11732056077013386
Loop7-theta41,0.16706989052937304
Loop7-theta42,0.13627807433719277
Loop7-theta43,0.006713260494123352
Loop7-theta44,0.1874454371519495
Loop7-theta45,-0.009746587361671333
Loop7-theta46,0.0798450742830723
Loop7-theta47,-0.06407945720549835
Loop7-theta48,-0.17655854903322288
Loop7-theta49,-0.03758961538619188
Loop7-theta50,0.04547649186171687
Loop7-theta51,0.05697701017158596
Loop7-theta52,0.05950778499859932
Loop7-theta53,0.019408742894892583
Loop7-theta54,0.060750781805860854
Loop7-theta55,0.04244509644379102
Loop7-theta56,0.17087579949013854
Loop7-theta57,0.06267394802566575
Loop7-theta58,-0.030701222842220433
Loop7-theta59,-0.1747496161949189
Loop7-theta60,0.10114313602660252
Loop7-theta61,0.09100877773270966
Loop7-theta62,0.1695672622371216
Loop7-theta63,0.022343703614449595
Loop7-theta64,0.23095710308491268
Loop7-theta65,0.008016306525427064
Loop7-theta66,0.1323192181633548
Loop7-theta67,-0.04252839842343037
Loop7-theta68,-0.09091870471435992
Loop7-theta69,0.16333892240415637
Loop7-theta70,0.3587145959749245
Loop7-theta71,-0.14706022750611303
Loop7-theta72,0.19919231333450238
Loop7-theta73,0.08207043930867153
Loop7-theta74,0.10931821715626033
Loop7-theta75,0.09808251353412323
Loop7-theta76,0.010218517173734232
Loop7-theta77,0.15160303150887533
Loop7-theta78,0.058082515117781064
Loop7-theta79,-0.04277048539061368
Loop7-theta80,0.0846465550051318
Loop7-theta81,0.18042794884740054
Loop7-theta82,0.1755671700903314
Loop7-theta83,-0.1432177905516069
Loop7-theta84,0.06214546011290811
Loop7-theta85,0.23665878785572403
Loop7-theta86,-0.0050044179532625355
Loop7-theta87,-0.06838048473249336
Loop7-theta88,-0.15351558285899058
Loop7-theta89,0.009965571489714664
Loop7-theta90,-0.04951623580596354
Loop7-theta91,0.03540198463029831
Loop7-theta92,0.18046390327744294
Loop7-theta93,0.2156845065227273
Loop7-theta94,0.18820629981605652
Loop7-theta95,-0.026807001782482853
Loop7-theta96,0.18648310595028417
Loop7-theta97,0.20523385188385213
Loop7-theta98,-0.12762564312126545
Loop7-theta99,0.23858197643506163
Loop8-beta_i4,-0.02735957935923261
Loop8-beta_i5,-0.008161621122136031
Loop8-beta_i6,0.008399516686832698
Loop8-beta_i7,0.017953795283246476
Loop8-beta_i8,-0.008423139633958021
Loop8-beta_i9,0.03888588719295649
Loop8-beta_r5,0.052617123171293856
Loop8-beta_r6,0.020430577134476824
Loop8-beta_r7,-0.06293092982647353
Loop8-beta_r8,0.0480668745848606
Loop8-beta_r9,-0.04241960610922546
Loop8-d_k1,0.004686328262151873
Loop8-d_k2,0.021361310230547853
Loop8-d_k3,0.023219651223905236
Loop8-d_k4,-0.0492672897166051
Loop8-theta0,0.07873816603869091
Loop8-theta1,-0.06820780556887629
Loop8-theta2,0.20167286159931463
Loop8-theta3,0.22160914378051655
Loop8-theta4,0.12944984677956617
Loop8-theta5,-0.05410611077432448
Loop8-theta6,0.15720754771180623
Loop8-theta7,-0.10291802641296754
Loop8-theta8,-0.09376102188649127
Loop8-theta9,0.02277300529527354
Loop8-theta10,0.1667709113470961
Loop8-theta11,0.014285067466591306
Loop8-theta12,0.04318300824434251
Loop8-theta13,-0.20085465664791613
Loop8-theta14,0.04015803148317165
Loop8-theta15,-0.17862601338767203
Loop8-theta16,0.12075685197359687
Loop8-theta17,0.10868905512090565
Loop8-theta18,-0.03490593388971491
Loop8-theta19,-0.15287980949431534
Loop8-theta20,0.08736319165392165
Loop8-theta21,-0.2819724033646329
Loop8-theta22,-0.01572715425016713
Loop8-theta23,0.05676154255067001
Loop8-theta24,-0.0857401748366603
Loop8-theta25,-0.10558292245800416
Loop8-theta26,0.0233970168933173
Loop8-theta27,0.29957875471886597
Loop8-theta28,-0.043194873289220385
Loop8-theta29,0.029864288323680044
Loop8-theta30,-0.05364366309227836
Loop8-theta31,0.24820201035637668
Loop8-theta32,-0.3670956584743689
Loop8-theta33,0.06142952400019652
Loop8-theta34,-0.19848010157928386
Loop8-theta35,-0.054636719551699464
Loop8-theta36,-0.034746563606384284
Loop8-theta37,-0.24117623956505396
Loop8-theta38,0.017445210309598558
Loop8-theta39,-0.06252795717184148
Loop8-theta40,0.11007523452570867
Loop8-theta41,0.10589900961792587
Loop8-theta42,0.04808894306865852
Loop8-theta43,-0.0537945261351096
Loop8-theta44,0.2295600337969265
Loop8-theta45,0.08738609601482752
Loop8-theta46,-0.06772803805113436
Loop8-theta47,-0.13161994754305362
Loop8-theta48,-0.07056747447161826
Loop8-theta49,-0.2538885915828593
Loop8-theta50,0.045144378248675676
Loop8-theta51,0.011330845450850252
Loop8-theta52,-0.06397698867222579
Loop8-theta53,-0.03435917359972174
Loop8-theta54,0.061234938636484326
Loop8-theta55,0.03812622491994941
Loop8-theta56,0.10845996013443082
Loop8-theta57,0.003370897078417867
Loop8-theta58,0.06809495883724159
Loop8-theta59,0.10892422732169864
Loop8-theta60,-0.027332743028167572
Loop8-theta61,0.03412155495484992
Loop8-theta62,-0.017319648779595687
Loop8-theta63,0.041992396440441615
Loop8-theta64,-0.1917898522728636
Loop8-theta65,3.326464148809688E-4
Loop8-theta66,0.06026646793902013
Loop8-theta67,0.011618181393299065
Loop8-theta68,8.354756034566757E-4
Loop8-theta69,0.0034607620329252242
Loop8-theta70,-0.3764183704791293
Loop8-theta71,-0.03675785029890677
Loop8-theta72,0.05807076163319058
Loop8-theta73,0.01923494006347637
Loop8-theta74,0.09443883861117297
Loop8-theta75,-0.14813001557887295
Loop8-theta76,-0.01623318318570144
Loop8-theta77,0.02489435051391864
Loop8-theta78,-0.06721685675593701
Loop8-theta79,-0.0362939753958591
Loop8-theta80,-0.015332628931254949
Loop8-theta81,0.04218008187082595
Loop8-theta82,0.08803872634346188
Loop8-theta83,0.031132599992741927
Loop8-theta84,-0.06691707786673473
Loop8-theta85,-0.10249169716464003
Loop8-theta86,0.06068214789256299
Loop8-theta87,-0.19759833207251531
Loop8-theta88,0.0946064512632887
Loop8-theta89,-0.06272620400368178
Loop8-theta90,-0.09893594055574653
Loop8-theta91,0.16206798847917306
Loop8-theta92,0.1680997832862916
Loop8-theta93,-0.13337927208919376
Loop8-theta94,-0.037107751352481955
Loop8-theta95,0.12573068181279345
Loop8-theta96,-0.03885108760490552
Loop8-theta97,0.24807728795182038
Loop8-theta98,-0.08978689728567368
Loop8-theta99,0.032248503317500565
Loop9-beta_i4,0.060180765436830375
Loop9-beta_i5,-0.04112651977794979
Loop9-beta_i6,0.04210866188133178
Loop9-beta_i7,-0.02770163060423663
Loop9-beta_i8,0.007379947067815862
Loop9-beta_i9,0.058617960645105716
Loop9-beta_r5,0.0721369334652435
Loop9-beta_r6,0.03952888734805288
Loop9-beta_r7,0.012267839919781975
Loop9-beta_r8,0.018317461725816497
Loop9-beta_r9,-0.042574148217979335
Loop9-d_k1,-0.09177604191712696
Loop9-d_k2,0.055292124622044136
Loop9-d_k3,0.025933865611550755
Loop9-d_k4,0.01055005168353329
Loop9-theta0,-0.05239466597183484
Loop9-theta1,-0.07759837117033852
Loop9-theta2,0.22586706673629153
Loop9-theta3,-0.17039181352085908
Loop9-theta4,-0.027699080191939396
Loop9-theta5,0.27185483203439326
Loop9-theta6,0.16112658799818225
Loop9-theta7,0.07768438918126486
Loop9-theta8,0.1682229292744925
Loop9-theta9,0.07176412272954308
Loop9-theta10,0.09100979247667906
Loop9-theta11,0.30657825573233355
Loop9-theta12,0.16290501856507256
Loop9-theta13,0.08418363711170228
Loop9-theta14,0.01902265044062984
Loop9-theta15,0.002566952731405614
Loop9-theta16,-0.050784632580158195
Loop9-theta17,-0.028095813875529688
Loop9-theta18,-0.18371253537356913
Loop9-theta19,0.020940329698616367
Loop9-theta20,0.10630483619102245
Loop9-theta21,0.1530210227167622
Loop9-theta22,-0.02215696217117194
Loop9-theta23,0.2070132515000937
Loop9-theta24,-0.05274387034788458
Loop9-theta25,0.38413204395937284
Loop9-theta26,-0.09760934479000438
Loop9-theta27,0.05537415201179413
Loop9-theta28,0.07142326737156224
Loop9-theta29,-0.06410544575440391
Loop9-theta30,0.1562793593103311
Loop9-theta31,0.19877360961079793
Loop9-theta32,-0.3243892962183933
Loop9-theta33,0.06779672092169925
Loop9-theta34,0.17700196062792872
Loop9-theta35,0.1327711665735648
Loop9-theta36,0.12726031101609103
Loop9-theta37,0.05865704063863239
Loop9-theta38,0.18226383634249854
Loop9-theta39,-0.0024307361386194937
Loop9-theta40,-0.023876805122077904
Loop9-theta41,0.14271913074458675
Loop9-theta42,-0.0446805379277071
Loop9-theta43,-0.016905736231350804
Loop9-theta44,0.12143322678237078
Loop9-theta45,-0.13233917434430764
Loop9-theta46,-0.327177644674243
Loop9-theta47,0.18989341921267236
Loop9-theta48,0.12213319332893613
Loop9-theta49,0.015177281793486541
Loop9-theta50,0.033160849835410344
Loop9-theta51,-0.08425339840879309
Loop9-theta52,-0.06601712546724359
Loop9-theta53,0.2068856057023717
Loop9-theta54,0.1365807492808231
Loop9-theta55,-0.03463408621663144
Loop9-theta56,0.3310594205516776
Loop9-theta57,0.06332941781612306
Loop9-theta58,-0.41303759708192356
Loop9-theta59,0.09581241014454789
Loop9-theta60,0.056749835357859935
Loop9-theta61,0.03165771553912844
Loop9-theta62,0.11963229337649295
Loop9-theta63,0.10615674954795984
Loop9-theta64,0.13659730785707702
Loop9-theta65,-0.11327056550604264
Loop9-theta66,-0.11251216559748317
Loop9-theta67,-0.06530833799723723
Loop9-theta68,-0.06680964663263589
Loop9-theta69,0.02770637769071349
Loop9-theta70,-0.12758825122345585
Loop9-theta71,0.05451872222259285
Loop9-theta72,0.2332425324728553
Loop9-theta73,-0.012848566868983391
Loop9-theta74,0.05111071412502177
Loop9-theta75,-0.09409341877683564
Loop9-theta76,-0.24907824563813907
Loop9-theta77,0.19973243144878183
Loop9-theta78,0.17624113775203964
Loop9-theta79,-0.06442339843240574
Loop9-theta80,0.12529615677512995
Loop9-theta81,-0.018875145047516542
Loop9-theta82,0.09202393496253036
Loop9-theta83,0.0352413992127012
Loop9-theta84,0.07348001983887992
Loop9-theta85,0.01580693414027534
Loop9-theta86,0.24577709534156567
Loop9-theta87,0.12102109608824412
Loop9-theta88,0.19423089432068852
Loop9-theta89,0.27502271297208614
Loop9-theta90,-0.1460391616324057
Loop9-theta91,-0.22120664693510916
Loop9-theta92,-0.07465125359595692
Loop9-theta93,0.14461365984859764
Loop9-theta94,0.16535041308021037
Loop9-theta95,0.014060017162965233
Loop9-theta96,-0.2207561804094277
Loop9-theta97,0.03752106899967389
Loop9-theta98,0.1708928475261281
Loop9-theta99,0.038238890813419024
Loop10-beta_i4,0.05599800602477245
Loop10-beta_i5,-0.0847500448988654
Loop10-beta_i6,0.05975676373346006
Loop10-beta_i7,-0.07058690480881491
Loop10-beta_i8,0.012410157510676312
Loop10-beta_i9,-0.011526651644605687
Loop10-beta_r5,0.0020561905952545256
Loop10-beta_r6,-0.06334224274867412
Loop10-beta_r7,-0.09324675547714549
Loop10-beta_r8,-0.0014798093438925797
Loop10-beta_r9,-0.03876280905573337
Loop10-d_k1,0.0589480716014088
Loop10-d_k2,0.05509552560330855
Loop10-d_k3,-0.043859994251530476
Loop10-d_k4,-0.07018360295318793
Loop10-theta0,-0.014073400241809666
Loop10-theta1,0.13966521502856594
Loop10-theta2,-0.036633668948970355
Loop10-theta3,-0.20320552426342753
Loop10-theta4,0.01593459856850976
Loop10-theta5,-0.12055323330264534
Loop10-theta6,-0.0027285100255759753
Loop10-theta7,-0.288404216055157
Loop10-theta8,-0.016651945948084945
Loop10-theta9,0.02605751789596744
Loop10-theta10,-0.205541363157962
Loop10-theta11,-0.008426116810020812
Loop10-theta12,0.09478675569917508
Loop10-theta13,0.2261127299107833
Loop10-theta14,-0.00671103022782793
Loop10-theta15,0.09931901939782972
Loop10-theta16,-0.3069656402369746
Loop10-theta17,-0.1881507554274381
Loop10-theta18,-0.06449303654124355
Loop10-theta19,-0.1229293759209642
Loop10-theta20,0.07765902449461681
Loop10-theta21,-0.07621449974227534
Loop10-theta22,0.15634407108585624
Loop10-theta23,-0.1275004974783175
Loop10-theta24,-0.17772725118634214
Loop10-theta25,-0.11179800210987345
Loop10-theta26,-0.1287421256053773
Loop10-theta27,-0.06083513271174068
Loop10-theta28,-0.40155630731959513
Loop10-theta29,0.0012099387539807882
Loop10-theta30,0.08110817561496914
Loop10-theta31,-0.0360941438179857
Loop10-theta32,-0.2150471299018204
Loop10-theta33,-0.23773014600019016
Loop10-theta34,0.12265179949371796
Loop10-theta35,-0.15721171998468875
Loop10-theta36,0.0804103142353434
Loop10-theta37,-0.11844296229579854
Loop10-theta38,0.13816399738505436
Loop10-theta39,0.06266624328996206
Loop10-theta40,-0.1911940406240994
Loop10-theta41,-0.13498138038489516
Loop10-theta42,-0.14672513716668134
Loop10-theta43,0.007320088676745273
Loop10-theta44,-0.28180428622314
Loop10-theta45,-0.13630766843323205
Loop10-theta46,0.058176151963248324
Loop10-theta47,-0.24598154017347484
Loop10-theta48,-0.23232635907421784
Loop10-theta49,0.0398085165585389
Loop10-theta50,-0.14277805350083195
Loop10-theta51,-0.29705294437331065
Loop10-theta52,-0.11494686644035065
Loop10-theta53,-0.12987740776403423
Loop10-theta54,0.02893568371370714
Loop10-theta55,-0.02964950936889399
Loop10-theta56,0.21215246531064658
Loop10-theta57,0.05214219722272151
Loop10-theta58,-0.2222677521491505
Loop10-theta59,-0.1118763918728487
Loop10-theta60,0.16724505331802564
Loop10-theta61,-0.022746076354867084
Loop10-theta62,-0.13065787225756886
Loop10-theta63,0.055455715451923515
Loop10-theta64,-0.026571352781519675
Loop10-theta65,-0.10225987901886668
Loop10-theta66,0.07939800192460822
Loop10-theta67,-0.10319420575356908
Loop10-theta68,-0.20473018905077844
Loop10-theta69,-0.1306490375641396
Loop10-theta70,0.22786679660929945
Loop10-theta71,-0.16033991802809777
Loop10-theta72,-0.026158513765421665
Loop10-theta73,-0.09226764200426606
Loop10-theta74,-0.044126494451208864
Loop10-theta75,-0.23725381335690784
Loop10-theta76,-0.1723510280711149
Loop10-theta77,-0.03842608570815442
Loop10-theta78,-0.14353624382558058
Loop10-theta79,-0.037658591887803405
Loop10-theta80,0.09301178759832185
Loop10-theta81,-0.10539572456703866
Loop10-theta82,-0.1490947738116466
Loop10-theta83,-0.0860016981415117
Loop10-theta84,0.02063916817523559
Loop10-theta85,0.0837240281692071
Loop10-theta86,0.1428995382141658
Loop10-theta87,-0.009731174291381286
Loop10-theta88,0.004752528861929672
Loop10-theta89,-0.2009092846601208
Loop10-theta90,-0.10271696481355475
Loop10-theta91,0.08637191375324216
Loop10-theta92,0.08688038285186211
Loop10-theta93,-0.19366127126082
Loop10-theta94,-0.24538342215166242
Loop10-theta95,0.048902374557560746
Loop10-theta96,-0.10662507313466896
Loop10-theta97,-0.09705146275834539
Loop10-theta98,0.22971948039351386
Loop10-theta99,-0.05128836725978769
Loop11-beta_i4,0.06723125297586752
Loop11-beta_i5,0.05017741109763174
Loop11-beta_i6,0.0855859302655484
Loop11-beta_i7,0.0850835870719372
Loop11-beta_i8,-0.013319705526882053
Loop11-beta_i9,0.06392154874654044
Loop11-beta_r5,0.023939016709373706
Loop11-beta_r6,-0.05316598681827933
Loop11-beta_r7,-0.003685510766734734
Loop11-beta_r8,0.07177686250978432
Loop11-beta_r9,0.02399045002437683
Loop11-d_k1,0.05271695519321318
Loop11-d_k2,0.05830438104379823
Loop11-d_k3,-0.09816705555592416
Loop11-d_k4,-0.01285428068108696
Loop11-theta0,0.0661841811368693
Loop11-theta1,0.01653664616502254
Loop11-theta2,0.05650509566820272
Loop11-theta3,0.17345360905097484
Loop11-theta4,0.014913930582141993
Loop11-theta5,0.03236997833349653
Loop11-theta6,0.1433140788554772
Loop11-theta7,0.32616656799874666
Loop11-theta8,0.1563922303771651
Loop11-theta9,0.0286090685069037
Loop11-theta10,0.04325109903533497
Loop11-theta11,-0.01718544789325116
Loop11-theta12,-0.03505489893247471
Loop11-theta13,0.14326381313995196
Loop11-theta14,-0.02445350240515176
Loop11-theta15,0.0826541961767504
Loop11-theta16,0.09366980130495728
Loop11-theta17,0.08028711207326378
Loop11-theta18,0.11561846278604895
Loop11-theta19,0.20247362778608125
Loop11-theta20,0.1416940409731099
Loop11-theta21,0.1482427537418558
Loop11-theta22,-0.016549692396888305
Loop11-theta23,0.24077143834662196
Loop11-theta24,0.2087813219693273
Loop11-theta25,0.3479144318923226
Loop11-theta26,-0.06091355344002247
Loop11-theta27,0.06050295333608102
Loop11-theta28,-0.060968307609069905
Loop11-theta29,0.019555412631701685
Loop11-theta30,-0.022270771627759478
Loop11-theta31,0.0793104590581376
Loop11-theta32,0.1152166653312628
Loop11-theta33,0.13177372661015685
Loop11-theta34,0.18584226073155308
Loop11-theta35,-0.026701155562760093
Loop11-theta36,0.08914697652190018
Loop11-theta37,-0.04192158955676477
Loop11-theta38,0.08500784044867205
Loop11-theta39,0.18809556508968694
Loop11-theta40,0.14969358078869854
Loop11-theta41,-0.020934040437561308
Loop11-theta42,0.10382883587002789
Loop11-theta43,0.1739881860282039
Loop11-theta44,-0.2080597391427137
Loop11-theta45,-0.04652913947346299
Loop11-theta46,0.39289680548735195
Loop11-theta47,0.016165701614551442
Loop11-theta48,0.324367863895931
Loop11-theta49,-0.19700025724170267
Loop11-theta50,-0.07298627310603112
Loop11-theta51,0.07228832276431874
Loop11-theta52,0.25909496523987663
Loop11-theta53,0.04297915378517991
Loop11-theta54,-0.006860579760884944
Loop11-theta55,0.07449737708472237
Loop11-theta56,0.06771880352481263
Loop11-theta57,5.244123210719209E-4
Loop11-theta58,-0.04006970736623938
Loop11-theta59,0.049006065083795125
Loop11-theta60,0.10030053540007255
Loop11-theta61,0.2571585299396045
Loop11-theta62,0.032578747925126494
Loop11-theta63,-0.01896674039236279
Loop11-theta64,-0.033861811391054264
Loop11-theta65,-0.030627079230921228
Loop11-theta66,0.09438609064858089
Loop11-theta67,0.07167533833450435
Loop11-theta68,0.0050926604553969135
Loop11-theta69,-0.005646196725345054
Loop11-theta70,0.13856286392181127
Loop11-theta71,0.04263534270517244
Loop11-theta72,-0.2823068472766448
Loop11-theta73,-0.049115636234990934
Loop11-theta74,-0.0656916379709428
Loop11-theta75,-0.03909570544171714
Loop11-theta76,0.23239198857808602
Loop11-theta77,-0.005280468339120548
Loop11-theta78,0.1697910101465605
Loop11-theta79,0.16538389343231596
Loop11-theta80,-0.22181018423389176
Loop11-theta81,0.04824519774143743
Loop11-theta82,-0.04055805371853108
Loop11-theta83,0.10364382416306442
Loop11-theta84,0.03447335938076379
Loop11-theta85,-0.030478789251776384
Loop11-theta86,0.12271982368104739
Loop11-theta87,0.16613444900968755
Loop11-theta88,0.25519914909829233
Loop11-theta89,0.05335374193218928
Loop11-theta90,0.14977419375665035
Loop11-theta91,0.0665070990075376
Loop11-theta92,0.1658816401710539
Loop11-theta93,0.12104330682117659
Loop11-theta94,-0.0010949476926848112
Loop11-theta95,0.09039162952148283
Loop11-theta96,0.03757261510941401
Loop11-theta97,0.17715283264964166
Loop11-theta98,0.18814115646894192
Loop11-theta99,0.30098564997391297
Loop12-beta_i4,0.0105511669396956
Loop12-beta_i5,-0.0446555806734924
Loop12-beta_i6,0.017670926707826995
Loop12-beta_i7,0.047756346509695374
Loop12-beta_i8,0.08620038215490261
Loop12-beta_i9,0.07799833767308523
Loop12-beta_r5,-0.01251612973076216
Loop12-beta_r6,0.05444866180088148
Loop12-beta_r7,-0.03785444077474093
Loop12-beta_r8,0.03957997166236571
Loop12-beta_r9,0.05046821918288136
Loop12-d_k1,-0.027438206014699373
Loop12-d_k2,-7.082635839766871E-4
Loop12-d_k3,-0.01758757975409675
Loop12-d_k4,0.045734049352773365
Loop12-theta0,0.19154622131548193
Loop12-theta1,-0.10037006237124894
Loop12-theta2,0.19671039252796763
Loop12-theta3,-0.22164831054004241
Loop12-theta4,0.08889375676748146
Loop12-theta5,-0.15434129068419578
Loop12-theta6,0.07564744984516814
Loop12-theta7,0.14477442146239983
Loop12-theta8,0.02341826649971146
Loop12-theta9,0.04498437281659029
Loop12-theta10,-0.09916760332703126
Loop12-theta11,0.08556417134820404
Loop12-theta12,0.16464026001120846
Loop12-theta13,-0.051295609664073094
Loop12-theta14,0.029221515866532988
Loop12-theta15,0.08948559738159001
Loop12-theta16,-0.031020370861424285
Loop12-theta17,0.1051906924286144
Loop12-theta18,0.06653966571653755
Loop12-theta19,0.1210534108303074
Loop12-theta20,0.10305885860460562
Loop12-theta21,-0.08298124931295225
Loop12-theta22,0.24940640110955636
Loop12-theta23,-0.1275634059722388
Loop12-theta24,-0.01241787560081159
Loop12-theta25,0.038639980204890456
Loop12-theta26,-0.12669272086718175
Loop12-theta27,-0.039734234542505686
Loop12-theta28,-0.14448956603384244
Loop12-theta29,0.1343074241370148
Loop12-theta30,-0.10474163143373322
Loop12-theta31,0.3761318492413443
Loop12-theta32,0.020948294971427472
Loop12-theta33,-0.06071056459638338
Loop12-theta34,-0.016494806934437722
Loop12-theta35,-0.13245558969989724
Loop12-theta36,0.004073984879196635
Loop12-theta37,-0.092274488428501
Loop12-theta38,-0.08162519622146924
Loop12-theta39,0.03539254004746506
Loop12-theta40,0.04019323603617034
Loop12-theta41,-0.050857016262847665
Loop12-theta42,0.21095676774750477
Loop12-theta43,-0.009991516616567164
Loop12-theta44,0.028344810278299715
Loop12-theta45,-0.13446599426356382
Loop12-theta46,-0.08244966318107694
Loop12-theta47,0.012462117191819999
Loop12-theta48,0.12596459445809038
Loop12-theta49,0.1762840102912706
Loop12-theta50,0.05127119085463505
Loop12-theta51,-0.004320685859840689
Loop12-theta52,0.008992882917965628
Loop12-theta53,-0.037268831556447335
Loop12-theta54,-0.047739969133713256
Loop12-theta55,-0.01907907992094593
Loop12-theta56,0.2021078090848576
Loop12-theta57,0.006659265266407477
Loop12-theta58,-0.29627162764484805
Loop12-theta59,0.1774245801274057
Loop12-theta60,0.2501866677676051
Loop12-theta61,0.039441801299054946
Loop12-theta62,0.10072663668453419
Loop12-theta63,0.02576806157653111
Loop12-theta64,0.1404312649594851
Loop12-theta65,-0.0847529635539864
Loop12-theta66,-0.1047487706377136
Loop12-theta67,-0.17096391608623196
Loop12-theta68,-0.06262856754486146
Loop12-theta69,0.03777056201330642
Loop12-theta70,-0.10919633283267235
Loop12-theta71,-0.08217556594742509
Loop12-theta72,-0.018811475482259588
Loop12-theta73,-0.09385570382932462
Loop12-theta74,0.017772604975193174
Loop12-theta75,-0.11090104856664929
Loop12-theta76,0.04634576300221638
Loop12-theta77,0.06380617301869718
Loop12-theta78,-0.022492849293801215
Loop12-theta79,-0.07067330646040315
Loop12-theta80,0.13004358952278727
Loop12-theta81,0.0851254940923285
Loop12-theta82,-0.09477034696313547
Loop12-theta83,0.1567263583951774
Loop12-theta84,0.038628574424877216
Loop12-theta85,-0.03851691870162921
Loop12-theta86,0.0023776860676089084
Loop12-theta87,-0.08216641004158942
Loop12-theta88,0.16165576938210396
Loop12-theta89,0.03025246485226707
Loop12-theta90,-0.07289465337649759
Loop12-theta91,0.24320540769301724
Loop12-theta92,-0.007637214247871116
Loop12-theta93,-0.02398473300841375
Loop12-theta94,-0.18163282218604215
Loop12-theta95,-0.08498769535257328
Loop12-theta96,0.21206253995923458
Loop12-theta97,0.04664584264252891
Loop12-theta98,0.04168553423011789
Loop12-theta99,-0.18186067667407813
Loop13-beta_i4,0.04082522982773895
Loop13-beta_i5,0.0579935592998682
Loop13-beta_i6,0.04265801443200379
Loop13-beta_i7,0.0778885358696817
Loop13-beta_i8,0.11825452579448248
Loop13-beta_i9,0.06965412165727636
Loop13-beta_r5,-0.02455599849356349
Loop13-beta_r6,0.05911094267838757
Loop13-beta_r7,0.00747050262839076
Loop13-beta_r8,0.01194746021981652
Loop13-beta_r9,-0.08075805692883997
Loop13-d_k1,-0.008340116440148204
Loop13-d_k2,0.007457726549663757
Loop13-d_k3,0.04186615564082652
Loop13-d_k4,-0.04098376575034235
Loop13-theta0,0.1279723513333687
Loop13-theta1,0.025093929283136557
Loop13-theta2,0.20291266120679455
Loop13-theta3,0.0735639616694388
Loop13-theta4,-0.09558495668994527
Loop13-theta5,0.10608564953951016
Loop13-theta6,-0.21986773440195662
Loop13-theta7,-0.010838721676971641
Loop13-theta8,0.05360137707407653
Loop13-theta9,0.1601466538084233
Loop13-theta10,0.09197677083713332
Loop13-theta11,-0.05598297728343371
Loop13-theta12,-0.007922061799705032
Loop13-theta13,0.056003480877611755
Loop13-theta14,0.2633097307997089
Loop13-theta15,0.2085606264314337
Loop13-theta16,0.07580698271806949
Loop13-theta17,0.029124639099469718
Loop13-theta18,-0.10410574408577467
Loop13-theta19,0.08902206200199747
Loop13-theta20,0.09594081150592937
Loop13-theta21,0.0511670851013144
Loop13-theta22,0.16726499105094783
Loop13-theta23,-0.05328852625635483
Loop13-theta24,0.10212389684818013
Loop13-theta25,0.052048768417419566
Loop13-theta26,0.0775229723473756
Loop13-theta27,0.0250767802626215
Loop13-theta28,0.1143093632925472
Loop13-theta29,0.14831686240012554
Loop13-theta30,-0.18188041534081423
Loop13-theta31,0.04210372377188576
Loop13-theta32,0.08571659326808612
Loop13-theta33,0.027038736373964034
Loop13-theta34,0.09791022461433685
Loop13-theta35,0.22305254873683644
Loop13-theta36,0.028290094978272062
Loop13-theta37,-0.014089045529203537
Loop13-theta38,-0.08066973265685795
Loop13-theta39,0.11257371486385845
Loop13-theta40,0.05362668825558686
Loop13-theta41,-0.10982977584298442
Loop13-theta42,0.20048333906162452
Loop13-theta43,0.26311800490887416
Loop13-theta44,-0.023170724318889002
Loop13-theta45,0.11254907045752749
Loop13-theta46,0.08629285551094286
Loop13-theta47,-0.0026485517976700956
Loop13-theta48,0.09239846706461963
Loop13-theta49,-0.04276980701282915
Loop13-theta50,-0.11475233065297866
Loop13-theta51,9.801437399092894E-5
Loop13-theta52,0.06665010014362194
Loop13-theta53,0.10560214862455486
Loop13-theta54,0.05277888401878578
Loop13-theta55,0.013132839165358012
Loop13-theta56,0.02833828277268058
Loop13-theta57,0.09724875345874029
Loop13-theta58,-0.15938336776583628
Loop13-theta59,-0.11410416285717762
Loop13-theta60,-0.023517335000651785
Loop13-theta61,0.05850782687713588
Loop13-theta62,0.03517485616481286
Loop13-theta63,0.04258982091478547
Loop13-theta64,0.07913679976179988
Loop13-theta65,-0.1186905946098098
Loop13-theta66,-0.06894801213815538
Loop13-theta67,-0.018715959885938882
Loop13-theta68,0.03121775577218111
Loop13-theta69,0.05668923297342365
Loop13-theta70,0.1236056115308598
Loop13-theta71,0.18862924365892408
Loop13-theta72,-0.05712441318971995
Loop13-theta73,0.02213474272056709
Loop13-theta74,0.14577617074339688
Loop13-theta75,-0.06210212093631462
Loop13-theta76,-0.010836104141694725
Loop13-theta77,-0.013560196504557642
Loop13-theta78,0.16215334691940808
Loop13-theta79,0.0589099857704547
Loop13-theta80,-0.00448056680196407
Loop13-theta81,0.12357880506347674
Loop13-theta82,-0.03032707463533693
Loop13-theta83,-0.04860129956097076
Loop13-theta84,-0.2850196911100775
Loop13-theta85,0.16468414898376915
Loop13-theta86,0.19865981394795185
Loop13-theta87,-0.05606432719148602
Loop13-theta88,-0.13559314669249867
Loop13-theta89,0.08329629082672141
Loop13-theta90,0.052912195680776986
Loop13-theta91,-0.08024905131815668
Loop13-theta92,0.1537379961126697
Loop13-theta93,0.10346301010590664
Loop13-theta94,-0.046488961344318125
Loop13-theta95,0.17935773350648399
Loop13-theta96,-0.007489642102768923
Loop13-theta97,0.10984565599021279
Loop13-theta98,-0.13789561437701958
Loop13-theta99,-0.025487792433231293
Loop14-beta_i4,0.23337669943698902
Loop14-beta_i5,0.08091026968370019
Loop14-beta_i6,0.057104118787664526
Loop14-beta_i7,0.1478785544783714
Loop14-beta_i8,0.09843118055459754
Loop14-beta_i9,0.09520016553549526
Loop14-beta_r5,-0.02160162396543247
Loop14-beta_r6,0.028418999770695175
Loop14-beta_r7,0.05177817914607824
Loop14-beta_r8,0.027400037339003203
Loop14-beta_r9,0.12216780814311545
Loop14-d_k1,-0.0955891867326355
Loop14-d_k2,0.0010584307804396564
Loop14-d_k3,0.053447471619353815
Loop14-d_k4,0.04108328433284103
Loop14-theta0,-0.08026696280939538
Loop14-theta1,0.08679557081023259
Loop14-theta2,0.16416077245335625
Loop14-theta3,-0.1636991295102792
Loop14-theta4,0.19712322651930542
Loop14-theta5,-0.013840627125565774
Loop14-theta6,-0.10842241799939212
Loop14-theta7,0.25148120729137413
Loop14-theta8,0.2831111143074485
Loop14-theta9,-0.030487621333265436
Loop14-theta10,0.31405484642276255
Loop14-theta11,0.12493230875216987
Loop14-theta12,-0.021459637331689985
Loop14-theta13,-0.1525550189839227
Loop14-theta14,0.20728256411601742
Loop14-theta15,0.1202873923809491
Loop14-theta16,0.07763514082997502
Loop14-theta17,0.03172739195647335
Loop14-theta18,0.22513214964762804
Loop14-theta19,-0.20964478200927772
Loop14-theta20,-0.01484840790984121
Loop14-theta21,0.13196967539891236
Loop14-theta22,0.10841389671294821
Loop14-theta23,0.13314237814438212
Loop14-theta24,0.19697711056773715
Loop14-theta25,0.22371112442896113
Loop14-theta26,-0.044069894209345595
Loop14-theta27,-0.04157961407452504
Loop14-theta28,0.05292842337439185
Loop14-theta29,0.0519701373310848
Loop14-theta30,0.19472485944402973
Loop14-theta31,0.15275785506373107
Loop14-theta32,-0.22513501056411012
Loop14-theta33,0.23171958125913528
Loop14-theta34,0.09944852285313388
Loop14-theta35,-0.212987562747599
Loop14-theta36,0.12402494324555491
Loop14-theta37,0.3033108320967799
Loop14-theta38,0.427205426338249
Loop14-theta39,0.13228500985486735
Loop14-theta40,0.06502881873048594
Loop14-theta41,0.029416000448625024
Loop14-theta42,0.01760718462921601
Loop14-theta43,-0.008331805912973334
Loop14-theta44,-0.07892223705525486
Loop14-theta45,-0.1682035349713653
Loop14-theta46,0.054711931344185394
Loop14-theta47,-1.6634707619789246E-4
Loop14-theta48,0.1734658429350433
Loop14-theta49,-0.02434075807584385
Loop14-theta50,0.21779307760582056
Loop14-theta51,-0.12006699908918517
Loop14-theta52,-0.04810505927652975
Loop14-theta53,0.34796959836195906
Loop14-theta54,0.04246237914943585
Loop14-theta55,0.16325249603820913
Loop14-theta56,0.26440751758004544
Loop14-theta57,0.5784043546805214
Loop14-theta58,0.14643358723973998
Loop14-theta59,-0.1210032925073502
Loop14-theta60,0.08048979023279208
Loop14-theta61,9.186651962722614E-4
Loop14-theta62,-0.009228066931379897
Loop14-theta63,0.27055653942473556
Loop14-theta64,0.06998457359843435
Loop14-theta65,0.2771833585031229
Loop14-theta66,0.08166341253166132
Loop14-theta67,0.2685166035475766
Loop14-theta68,0.06274230338751488
Loop14-theta69,0.21525902344092507
Loop14-theta70,0.34111540843251453
Loop14-theta71,0.3267375174703756
Loop14-theta72,-0.01284644209657515
Loop14-theta73,0.23586563848489384
Loop14-theta74,0.016195965618446162
Loop14-theta75,0.10634016007287095
Loop14-theta76,0.30302233355816566
Loop14-theta77,0.1270072495137322
Loop14-theta78,0.09936974564035239
Loop14-theta79,0.10564306472328128
Loop14-theta80,0.1203863676325152
Loop14-theta81,-0.1248559022858362
Loop14-theta82,0.10362699410230203
Loop14-theta83,-0.26170339621212596
Loop14-theta84,-0.3183745894283271
Loop14-theta85,0.08549712812149535
Loop14-theta86,0.2602485295912139
Loop14-theta87,-0.08824038836364478
Loop14-theta88,0.15267328932064905
Loop14-theta89,-0.11046743885727972
Loop14-theta90,0.33310119826780893
Loop14-theta91,0.06676090606281393
Loop14-theta92,0.11604392647578977
Loop14-theta93,0.050354304480838996
Loop14-theta94,-0.013514992221345556
Loop14-theta95,0.015186393752873062
Loop14-theta96,0.1992955139710515
Loop14-theta97,0.07332310153714958
Loop14-theta98,0.10276372472288742
Loop14-theta99,0.19850994918442172
Loop15-beta_i4,0.018766311918240797
Loop15-beta_i5,0.11914843657797061
Loop15-beta_i6,0.031031285604122605
Loop15-beta_i7,0.01968279486599006
Loop15-beta_i8,0.02876423803914177
Loop15-beta_i9,0.01969662083199042
Loop15-beta_r5,2.8178936022649204E-4
Loop15-beta_r6,-0.05228489201761544
Loop15-beta_r7,-0.023613009088816916
Loop15-beta_r8,-0.05558195406074584
Loop15-beta_r9,-5.344998690209879E-4
Loop15-d_k1,0.056827635355318096
Loop15-d_k2,0.008516551524403004
Loop15-d_k3,-0.006323227829142963
Loop15-d_k4,-0.059020959050576804
Loop15-theta0,0.2346333404787957
Loop15-theta1,-0.06506545148419152
Loop15-theta2,0.17292305668048558
Loop15-theta3,0.15244658538073025
Loop15-theta4,-0.07103224432392673
Loop15-theta5,-0.0611542002388612
Loop15-theta6,0.08314471530095591
Loop15-theta7,0.09317179425419347
Loop15-theta8,0.03363421335380584
Loop15-theta9,-0.0510387266845142
Loop15-theta10,-0.061625198304442796
Loop15-theta11,0.11803897481048742
Loop15-theta12,0.12702077266018974
Loop15-theta13,-0.02723555149241519
Loop15-theta14,-0.18445260316194867
Loop15-theta15,-0.046051732798875644
Loop15-theta16,0.2598846861554246
Loop15-theta17,-0.008049360524243265
Loop15-theta18,4.1692684224958754E-4
Loop15-theta19,-0.01724858752648839
Loop15-theta20,0.11676506578001278
Loop15-theta21,0.12200303960107917
Loop15-theta22,0.11152000903559428
Loop15-theta23,0.05284586022332727
Loop15-theta24,-0.013062934664411885
Loop15-theta25,-0.03666527028423405
Loop15-theta26,0.06349367768745429
Loop15-theta27,-0.07959480182254786
Loop15-theta28,0.15034654879493642
Loop15-theta29,0.018858020161201527
Loop15-theta30,0.037839488545980654
Loop15-theta31,0.11217980325631927
Loop15-theta32,0.02327187341709286
Loop15-theta33,4.2162894779540494E-5
Loop15-theta34,0.02268654309908158
Loop15-theta35,0.3155481398193203
Loop15-theta36,0.025364333456471932
Loop15-theta37,0.1187973043767161
Loop15-theta38,-0.042120247285709955
Loop15-theta39,0.2573009067749852
Loop15-theta40,0.04384284962879631
Loop15-theta41,0.03212638725261341
Loop15-theta42,-0.07496704124359277
Loop15-theta43,0.0921180925170908
Loop15-theta44,0.034421957029103833
Loop15-theta45,0.01536273349602324
Loop15-theta46,0.15112822036972018
Loop15-theta47,-0.11332628200235306
Loop15-theta48,0.1810618594603809
Loop15-theta49,-0.026636880959277354
Loop15-theta50,0.2075762465345492
Loop15-theta51,0.21783395529128668
Loop15-theta52,0.06976661153027885
Loop15-theta53,0.030881303090635748
Loop15-theta54,0.1168655182817393
Loop15-theta55,-0.08935903164803816
Loop15-theta56,0.047250503357990414
Loop15-theta57,-0.019512666341532148
Loop15-theta58,0.11907337854315045
Loop15-theta59,0.09768219460964134
Loop15-theta60,-0.11805765882851205
Loop15-theta61,0.1870489901014088
Loop15-theta62,0.1543626711294461
Loop15-theta63,-0.22245301386377347
Loop15-theta64,0.00630420844153412
Loop15-theta65,0.18531783217636733
Loop15-theta66,0.21658355450111855
Loop15-theta67,0.253891969352307
Loop15-theta68,0.023382570177037765
Loop15-theta69,0.35104348561633936
Loop15-theta70,-0.0828639956688424
Loop15-theta71,0.005093145943732447
Loop15-theta72,0.2173147636621161
Loop15-theta73,-0.1383349994137718
Loop15-theta74,-0.20135958861864633
Loop15-theta75,0.1266198416510682
Loop15-theta76,0.06102008722390212
Loop15-theta77,0.12492239554530471
Loop15-theta78,-0.18235958987533163
Loop15-theta79,-0.030753115812029275
Loop15-theta80,0.24836077352909514
Loop15-theta81,-0.03661880716479449
Loop15-theta82,0.04384488589551838
Loop15-theta83,-0.019926995167952377
Loop15-theta84,0.142112188040456
Loop15-theta85,0.03802543782322993
Loop15-theta86,-0.3124551040983867
Loop15-theta87,0.1925681365599372
Loop15-theta88,0.06748763279356229
Loop15-theta89,-0.003526475037743934
Loop15-theta90,0.17406939915771336
Loop15-theta91,0.012791059353017942
Loop15-theta92,-0.055473333712102946
Loop15-theta93,-0.16459837596127563
Loop15-theta94,0.12256949314880905
Loop15-theta95,-0.007874824938474467
Loop15-theta96,0.030316775952825337
Loop15-theta97,0.2414254885266347
Loop15-theta98,-0.0025566223987982806
Loop15-theta99,0.1260732979211392
Loop16-beta_i4,-0.07418303081548416
Loop16-beta_i5,-0.0735917327860124
Loop16-beta_i6,-0.07073661503841322
Loop16-beta_i7,-0.07938633295154407
Loop16-beta_i8,-0.09559828524408953
Loop16-beta_i9,-0.02436253790631826
Loop16-beta_r5,0.05078042856986531
Loop16-beta_r6,0.030204700970691833
Loop16-beta_r7,-0.010166666621164278
Loop16-beta_r8,0.008320772135370302
Loop16-beta_r9,-0.02256422501814892
Loop16-d_k1,0.04061583316706463
Loop16-d_k2,-0.009201833118201552
Loop16-d_k3,-0.04996817849954499
Loop16-d_k4,0.018554178450681524
Loop16-theta0,0.06577922474188846
Loop16-theta1,0.08848509002779548
Loop16-theta2,-0.13220921135334335
Loop16-theta3,-0.017821235441998984
Loop16-theta4,-0.04798157192874308
Loop16-theta5,0.20335579687599448
Loop16-theta6,-0.09798643045951794
Loop16-theta7,-0.029115284253048768
Loop16-theta8,-0.1137960925408662
Loop16-theta9,0.08331924244083133
Loop16-theta10,-0.2041630967535362
Loop16-theta11,-0.04749329772772293
Loop16-theta12,-0.05359107207450768
Loop16-theta13,-0.2022299347967777
Loop16-theta14,-0.023500799520272286
Loop16-theta15,-0.1345502851174203
Loop16-theta16,-0.14148135417428698
Loop16-theta17,-0.04919605058922816
Loop16-theta18,-0.1195926516200263
Loop16-theta19,-0.10199536755805205
Loop16-theta20,-0.03859897702934462
Loop16-theta21,0.14838948676103375
Loop16-theta22,0.10207282206053159
Loop16-theta23,-0.1440543676783833
Loop16-theta24,0.07989746202205783
Loop16-theta25,0.13870439367631004
Loop16-theta26,0.17868862656549567
Loop16-theta27,-0.14128133956793407
Loop16-theta28,-0.0620985174371782
Loop16-theta29,0.15070908308259823
Loop16-theta30,-0.0495252920013981
Loop16-theta31,-0.016455366031698393
Loop16-theta32,-0.12677899149876057
Loop16-theta33,-0.10873851983386668
Loop16-theta34,0.07218459664358168
Loop16-theta35,0.05130664497682047
Loop16-theta36,-0.03833426983538568
Loop16-theta37,0.0804494154349551
Loop16-theta38,-0.09176566885611193
Loop16-theta39,-0.07811154183570722
Loop16-theta40,-0.03638493277674759
Loop16-theta41,0.0057562103739791926
Loop16-theta42,-0.02349759490394243
Loop16-theta43,-0.07122749525261973
Loop16-theta44,-0.1132180124640329
Loop16-theta45,-0.24953219541861477
Loop16-theta46,-0.021914014174084367
Loop16-theta47,-0.06581201879045173
Loop16-theta48,-0.18977062534432593
Loop16-theta49,-0.0649349241587045
Loop16-theta50,0.021897488629249562
Loop16-theta51,-0.12208608914889876
Loop16-theta52,0.08941701109237626
Loop16-theta53,-0.14086157788873277
Loop16-theta54,-0.2659661897514072
Loop16-theta55,-0.01178196154872202
Loop16-theta56,0.02184963235529125
Loop16-theta57,-0.1318367660599956
Loop16-theta58,-0.05022749082196348
Loop16-theta59,-0.11635434214596196
Loop16-theta60,-0.15879752403996283
Loop16-theta61,0.15862898611241044
Loop16-theta62,0.10961509643085221
Loop16-theta63,0.07957404439136218
Loop16-theta64,0.0861195371072126
Loop16-theta65,-0.08632135858702727
Loop16-theta66,0.042954145838801194
Loop16-theta67,0.008397846229803552
Loop16-theta68,0.015383053638581057
Loop16-theta69,-0.3200454833923936
Loop16-theta70,-0.15392395894296773
Loop16-theta71,0.0319022538137641
Loop16-theta72,-0.19491398699632678
Loop16-theta73,-0.22934737268373878
Loop16-theta74,-0.18176719234590477
Loop16-theta75,0.2080837690086641
Loop16-theta76,-0.012757841776766199
Loop16-theta77,-0.012406012248247
Loop16-theta78,-0.18404285681684074
Loop16-theta79,-0.034345536757707906
Loop16-theta80,0.1460018574468337
Loop16-theta81,-0.02920005671303283
Loop16-theta82,0.1504764230547233
Loop16-theta83,0.09136215381113466
Loop16-theta84,-0.16198146925094048
Loop16-theta85,-0.13006693895082044
Loop16-theta86,-0.21026541426776402
Loop16-theta87,-0.005734453124282224
Loop16-theta88,-0.12838093598147426
Loop16-theta89,0.07475410767191559
Loop16-theta90,-0.05022646293152605
Loop16-theta91,-0.3783918788200855
Loop16-theta92,-0.03644323280565098
Loop16-theta93,-0.22376687339859785
Loop16-theta94,-0.04589139365174599
Loop16-theta95,-0.10751588217195812
Loop16-theta96,-0.3799625555755126
Loop16-theta97,-0.055255566862830174
Loop16-theta98,0.06638452392065586
Loop16-theta99,-0.2164077700101743
Loop17-beta_i4,-0.05352076570675067
Loop17-beta_i5,-0.0069626933663837764
Loop17-beta_i6,-0.1409413949891003
Loop17-beta_i7,0.055911329581854075
Loop17-beta_i8,-0.003270316098410442
Loop17-beta_i9,-0.04372252198271798
Loop17-beta_r5,-0.021479712055141598
Loop17-beta_r6,0.03166088172128212
Loop17-beta_r7,0.02334277017044939
Loop17-beta_r8,-0.011056978872254875
Loop17-beta_r9,0.013560276847339625
Loop17-d_k1,0.09286839791841484
Loop17-d_k2,-0.04517514137430689
Loop17-d_k3,0.07222302106615874
Loop17-d_k4,-0.11991627761026513
Loop17-theta0,-0.05003219264372177
Loop17-theta1,-0.0058228865743708
Loop17-theta2,-0.015557198590826188
Loop17-theta3,0.02078601749936826
Loop17-theta4,0.10359385541089827
Loop17-theta5,-0.07362516755212778
Loop17-theta6,-0.10291337145943391
Loop17-theta7,0.15441446961552385
Loop17-theta8,0.10982119561049286
Loop17-theta9,-0.17267355974213341
Loop17-theta10,-0.016005030294557576
Loop17-theta11,0.1838172976000756
Loop17-theta12,0.14720429345702968
Loop17-theta13,-0.15279190840252144
Loop17-theta14,0.03638888490716963
Loop17-theta15,0.16025177435874083
Loop17-theta16,-0.15303283887756697
Loop17-theta17,-0.18624835640210535
Loop17-theta18,0.2269528467009163
Loop17-theta19,-0.10373294353214767
Loop17-theta20,0.12279025154191237
Loop17-theta21,0.07370591320225484
Loop17-theta22,-0.19593429060081485
Loop17-theta23,-0.07185580687375359
Loop17-theta24,0.10987428793348436
Loop17-theta25,-0.15583428681538652
Loop17-theta26,-0.1805056118836652
Loop17-theta27,-0.016569401069455925
Loop17-theta28,0.138131216261123
Loop17-theta29,-0.21985184512097414
Loop17-theta30,-0.1445691230533514
Loop17-theta31,-0.15091022909738383
Loop17-theta32,0.07289178764989046
Loop17-theta33,-0.16087397396215353
Loop17-theta34,0.21032618304739034
Loop17-theta35,-0.006423216666144649
Loop17-theta36,-0.08922079202935512
Loop17-theta37,0.0279537315395173
Loop17-theta38,-0.039465206669903205
Loop17-theta39,0.07396704095150874
Loop17-theta40,0.15193149227117386
Loop17-theta41,-0.025046463087217252
Loop17-theta42,0.011164935309944335
Loop17-theta43,-0.02852532788328435
Loop17-theta44,0.15249291236971496
Loop17-theta45,0.02596731411140607
Loop17-theta46,0.0858975229414547
Loop17-theta47,0.10546698575741689
Loop17-theta48,-0.06831734363094655
Loop17-theta49,-0.09951431548870238
Loop17-theta50,-0.23070823786867167
Loop17-theta51,0.20224492229282753
Loop17-theta52,-0.07652931055909784
Loop17-theta53,0.11185574376779539
Loop17-theta54,0.026483661328077224
Loop17-theta55,0.03549726427522848
Loop17-theta56,-0.16086003623975909
Loop17-theta57,-0.13751049989812691
Loop17-theta58,-0.1366567407435188
Loop17-theta59,-0.11191339647238976
Loop17-theta60,-0.2225320347355082
Loop17-theta61,-0.0947744948195563
Loop17-theta62,-0.021481505252971433
Loop17-theta63,-0.2896914858625377
Loop17-theta64,0.012332104414747302
Loop17-theta65,0.10176079221187585
Loop17-theta66,0.020974265454538732
Loop17-theta67,-0.030224799226242827
Loop17-theta68,-0.05598765757349
Loop17-theta69,0.24609744273907896
Loop17-theta70,-0.14937805275638993
Loop17-theta71,0.070412352281498
Loop17-theta72,-0.03583593742041288
Loop17-theta73,0.05700341049744617
Loop17-theta74,0.03873079903330759
Loop17-theta75,-0.050922969803593676
Loop17-theta76,-0.0088598875959668
Loop17-theta77,-0.12296703391902
Loop17-theta78,0.20575179292134482
Loop17-theta79,0.0690070336786382
Loop17-theta80,0.029078297569959055
Loop17-theta81,-0.0026464557578748105
Loop17-theta82,0.06614455034895517
Loop17-theta83,0.10499356890696054
Loop17-theta84,-0.06479741427032565
Loop17-theta85,-0.038369024034653254
Loop17-theta86,0.0801069773560042
Loop17-theta87,-0.0696464751900856
Loop17-theta88,-0.1029914105857318
Loop17-theta89,-0.14240930704255494
Loop17-theta90,-0.04270934525414294
Loop17-theta91,0.03608023150252038
Loop17-theta92,-0.022058972853524317
Loop17-theta93,0.12452350773375687
Loop17-theta94,0.11550299929859742
Loop17-theta95,-0.1378108105434354
Loop17-theta96,-0.1791164798468194
Loop17-theta97,0.0869407064919494
Loop17-theta98,0.11300010593301801
Loop17-theta99,-0.021870092357517856
Loop18-beta_i4,-0.03324138286426781
Loop18-beta_i5,-0.036963636342431994
Loop18-beta_i6,-0.007840173283260699
Loop18-beta_i7,-0.0665696774687401
Loop18-beta_i8,0.020943293063986124
Loop18-beta_i9,-0.01034972004340362
Loop18-beta_r5,-0.05284083346091073
Loop18-beta_r6,-0.004250141721639011
Loop18-beta_r7,0.103741667560456
Loop18-beta_r8,0.011374747819645759
Loop18-beta_r9,0.005777170481127136
Loop18-d_k1,-0.038457258985328924
Loop18-d_k2,-0.014047455642950624
Loop18-d_k3,0.03664217688099182
Loop18-d_k4,0.015862537747287853
Loop18-theta0,0.14397213877203696
Loop18-theta1,0.003660922726683502
Loop18-theta2,0.12266883009603602
Loop18-theta3,-0.027218033496940963
Loop18-theta4,-0.04179529193571274
Loop18-theta5,-0.2024804581120226
Loop18-theta6,-0.06573100962980372
Loop18-theta7,-0.12365431269288085
Loop18-theta8,0.17484415531633835
Loop18-theta9,-0.1013899084952431
Loop18-theta10,0.12078600974017506
Loop18-theta11,-0.09769182472815796
Loop18-theta12,-0.05693148521460806
Loop18-theta13,-0.13415710447701423
Loop18-theta14,0.18595191036155434
Loop18-theta15,-0.032034727987525935
Loop18-theta16,-0.14020467173205298
Loop18-theta17,-0.14242046213232662
Loop18-theta18,-0.10335740269484067
Loop18-theta19,0.20394874950446407
Loop18-theta20,-0.03960692815048583
Loop18-theta21,-0.09872393955735628
Loop18-theta22,0.004424016459633473
Loop18-theta23,-0.09519245746164523
Loop18-theta24,0.046749210702827004
Loop18-theta25,-0.14307507404148595
Loop18-theta26,0.204338688471839
Loop18-theta27,-0.07015209736321015
Loop18-theta28,-0.10679526670885764
Loop18-theta29,0.024796196647942192
Loop18-theta30,0.07074089245929005
Loop18-theta31,-0.15363614973969442
Loop18-theta32,0.0822827751096995
Loop18-theta33,-0.21151311133821027
Loop18-theta34,-0.06757286962875994
Loop18-theta35,-0.01392850460434758
Loop18-theta36,-0.21372112708585517
Loop18-theta37,-0.09417637791719685
Loop18-theta38,0.005208523959936429
Loop18-theta39,-0.2577929302848959
Loop18-theta40,0.2520479860621324
Loop18-theta41,-0.18290798273273212
Loop18-theta42,-0.20816156194267577
Loop18-theta43,-0.17349011193601255
Loop18-theta44,0.2406373422186624
Loop18-theta45,0.005115673815934363
Loop18-theta46,0.16167051813266456
Loop18-theta47,0.194711730799637
Loop18-theta48,0.13773528267392354
Loop18-theta49,-0.02839853402473469
Loop18-theta50,0.0041231661604594905
Loop18-theta51,-0.10207613168994342
Loop18-theta52,-0.21107503120419868
Loop18-theta53,-0.2327263417691514
Loop18-theta54,0.024517247239917328
Loop18-theta55,-0.1973386023145422
Loop18-theta56,0.06963133769073249
Loop18-theta57,-0.2067099608394676
Loop18-theta58,0.11130184612669303
Loop18-theta59,-0.15183406958999945
Loop18-theta60,0.05805760968594864
Loop18-theta61,0.1744304462742275
Loop18-theta62,0.17294885278027605
Loop18-theta63,-0.03133927799345726
Loop18-theta64,-0.012494154361665566
Loop18-theta65,-0.0016807291913440991
Loop18-theta66,0.06991688108365768
Loop18-theta67,0.23243730365825233
Loop18-theta68,0.036278930538834686
Loop18-theta69,-0.04829817612454099
Loop18-theta70,0.09583080457588156
Loop18-theta71,-0.14055281682117843
Loop18-theta72,-0.23368565755665338
Loop18-theta73,-0.0017977578178870121
Loop18-theta74,0.03440943528327156
Loop18-theta75,-0.0630669455975692
Loop18-theta76,-0.149665128495531
Loop18-theta77,-0.0601081696844763
Loop18-theta78,-0.2897099794925561
Loop18-theta79,-0.05530372309482545
Loop18-theta80,-0.008579053387547164
Loop18-theta81,0.12948167597323357
Loop18-theta82,0.20570259723411177
Loop18-theta83,-0.08330655546070886
Loop18-theta84,0.07386069652191463
Loop18-theta85,0.05669935848761931
Loop18-theta86,0.310343341724052
Loop18-theta87,-0.12706753819145028
Loop18-theta88,-0.15859323016276639
Loop18-theta89,-0.2572494034465598
Loop18-theta90,0.06689152357420713
Loop18-theta91,0.20947354694912124
Loop18-theta92,0.04181823249640382
Loop18-theta93,0.10241572248937864
Loop18-theta94,-0.20203163079796826
Loop18-theta95,-0.13248015290082243
Loop18-theta96,0.1431882712710032
Loop18-theta97,0.010158819806720037
Loop18-theta98,-0.023590979562112202
Loop18-theta99,-0.1323582706897961
Loop19-beta_i4,0.056206052942411766
Loop19-beta_i5,-0.017191073010017516
Loop19-beta_i6,-0.013465805115873808
Loop19-beta_i7,0.08752652340356393
Loop19-beta_i8,-0.01627506101377718
Loop19-beta_i9,-0.012672308513465458
Loop19-beta_r5,0.04190339939192134
Loop19-beta_r6,0.03969041792869499
Loop19-beta_r7,0.0032483875568548037
Loop19-beta_r8,0.053472547878275156
Loop19-beta_r9,0.17170283644240514
Loop19-d_k1,0.019279990378092693
Loop19-d_k2,0.004320811043814932
Loop19-d_k3,0.028274351795111785
Loop19-d_k4,-0.0518751532170193
Loop19-theta0,0.14755244253133265
Loop19-theta1,0.016690525699635195
Loop19-theta2,0.11140555168194022
Loop19-theta3,0.22926408964110534
Loop19-theta4,-0.042274683247015554
Loop19-theta5,-0.036086264773500076
Loop19-theta6,0.11564337421455756
Loop19-theta7,-0.06792938861378173
Loop19-theta8,0.13351769381548562
Loop19-theta9,0.10112778035613279
Loop19-theta10,-0.21509691997521863
Loop19-theta11,0.13820345256898492
Loop19-theta12,0.2123734460238682
Loop19-theta13,0.138017593084224
Loop19-theta14,-0.05531169306539924
Loop19-theta15,0.011328340053910035
Loop19-theta16,0.04033639748747153
Loop19-theta17,-0.06462907916344346
Loop19-theta18,0.3091442711281214
Loop19-theta19,0.1709915864108147
Loop19-theta20,-0.008825486784265202
Loop19-theta21,0.30980919919911565
Loop19-theta22,0.32711593669230365
Loop19-theta23,0.17649514986445913
Loop19-theta24,0.022650162506275023
Loop19-theta25,0.23663395308319868
Loop19-theta26,0.05473547253233768
Loop19-theta27,0.1444842839166962
Loop19-theta28,0.10640911514081997
Loop19-theta29,0.014932977662448277
Loop19-theta30,0.3158272257562412
Loop19-theta31,0.17837904816748118
Loop19-theta32,-0.07284044985160909
Loop19-theta33,0.10377655378181228
Loop19-theta34,0.19689760848669158
Loop19-theta35,0.06081713634501318
Loop19-theta36,0.07118891203471944
Loop19-theta37,0.09848015851435954
Loop19-theta38,0.09461095237353767
Loop19-theta39,-0.2376194761951846
Loop19-theta40,0.0627207015322292
Loop19-theta41,0.14984830501158508
Loop19-theta42,0.17703214448359827
Loop19-theta43,0.1339044242132827
Loop19-theta44,0.1492103400548569
Loop19-theta45,-0.06380550835997692
Loop19-theta46,0.094674387277911
Loop19-theta47,0.09785598075572088
Loop19-theta48,0.020115876475960692
Loop19-theta49,0.2224178191377093
Loop19-theta50,0.07655483275659458
Loop19-theta51,0.10951088453123287
Loop19-theta52,0.08965914789090912
Loop19-theta53,0.026916479119856118
Loop19-theta54,0.09842892321941643
Loop19-theta55,-0.11884294472318768
Loop19-theta56,0.19486962819288134
Loop19-theta57,-0.05022975352607212
Loop19-theta58,0.09044783118539723
Loop19-theta59,0.1271881028043147
Loop19-theta60,0.0459896782172613
Loop19-theta61,-0.02074881764419878
Loop19-theta62,0.2255902411044055
Loop19-theta63,0.24776819327519123
Loop19-theta64,-0.041157795317957435
Loop19-theta65,0.1210884984032008
Loop19-theta66,0.20907353080528912
Loop19-theta67,-0.008120533144992281
Loop19-theta68,0.21365703256337198
Loop19-theta69,0.2782644357012688
Loop19-theta70,-0.16209405334168037
Loop19-theta71,0.10301413501636525
Loop19-theta72,0.09729046139429987
Loop19-theta73,-0.04091687066547525
Loop19-theta74,-0.14864616521629737
Loop19-theta75,0.1917054413692768
Loop19-theta76,0.02243913065976849
Loop19-theta77,0.2720297592372121
Loop19-theta78,0.006921405364202826
Loop19-theta79,-0.24396658241376046
Loop19-theta80,0.20733457723304433
Loop19-theta81,0.07803577663967798
Loop19-theta82,0.1604976212724365
Loop19-theta83,-0.16490453441646458
Loop19-theta84,0.2816205332191828
Loop19-theta85,0.25117618292971233
Loop19-theta86,0.038660164602196234
Loop19-theta87,2.498977363747934E-4
Loop19-theta88,-0.04325146561642157
Loop19-theta89,0.01968749180516327
Loop19-theta90,-0.2717699658149849
Loop19-theta91,0.0967161752039374
Loop19-theta92,-0.09146326925421588
Loop19-theta93,-0.1013867148945975
Loop19-theta94,0.06216556423041686
Loop19-theta95,0.04593828636871711
Loop19-theta96,0.004204990128378938
Loop19-theta97,0.028898372836253725
Loop19-theta98,-0.08443740283569384
Loop19-theta99,-0.1568742041680391
Loop20-beta_i4,0.03307014149672172
Loop20-beta_i5,-0.059665985827329626
Loop20-beta_i6,0.05713662042469769
Loop20-beta_i7,0.021577560292808107
Loop20-beta_i8,0.027100628947324124
Loop20-beta_i9,-0.0334678221275595
Loop20-beta_r5,0.04453679870215499
Loop20-beta_r6,0.01623770269632341
Loop20-beta_r7,0.009108731245184982
Loop20-beta_r8,-0.029700923649500055
Loop20-beta_r9,-0.004843235612513763
Loop20-d_k1,0.01060115984500809
Loop20-d_k2,0.025488797780845618
Loop20-d_k3,-0.0016781226480291067
Loop20-d_k4,-0.03441183497782463
Loop20-theta0,-0.1485931025668661
Loop20-theta1,0.014351272181134633
Loop20-theta2,-0.06955082253415784
Loop20-theta3,0.10459917242078476
Loop20-theta4,-0.09312673447711606
Loop20-theta5,0.003073979657677972
Loop20-theta6,-0.22175369686750535
Loop20-theta7,0.11782826199773311
Loop20-theta8,-0.009761414375549005
Loop20-theta9,0.104686250681991
Loop20-theta10,-0.061846640322364727
Loop20-theta11,0.09023528917333135
Loop20-theta12,0.059188515884910364
Loop20-theta13,0.1079912593438409
Loop20-theta14,0.010977792245241869
Loop20-theta15,0.0181022328545955
Loop20-theta16,-0.14760759334879403
Loop20-theta17,0.06612454666141021
Loop20-theta18,0.14943258407746662
Loop20-theta19,0.003993437079817752
Loop20-theta20,-0.26773908387764583
Loop20-theta21,0.09418250752173174
Loop20-theta22,-0.05250086675140331
Loop20-theta23,-0.006117727072795898
Loop20-theta24,0.061812699181533204
Loop20-theta25,-0.04566642444017732
Loop20-theta26,-0.07362314231572081
Loop20-theta27,0.15124320301330973
Loop20-theta28,0.33561985528947114
Loop20-theta29,0.10624649213190973
Loop20-theta30,0.15495953929759027
Loop20-theta31,0.0912818325342094
Loop20-theta32,0.09311693682384115
Loop20-theta33,-0.05059415293206665
Loop20-theta34,0.14338015169437246
Loop20-theta35,0.20279218742627814
Loop20-theta36,0.027776970536441126
Loop20-theta37,0.22851183165694933
Loop20-theta38,0.09206295805757181
Loop20-theta39,0.06701960339956126
Loop20-theta40,-0.019473651025597172
Loop20-theta41,-0.1692589708906871
Loop20-theta42,0.29533381671432934
Loop20-theta43,-0.03665905745400777
Loop20-theta44,-0.06100602454922188
Loop20-theta45,0.042611577802707634
Loop20-theta46,0.06580920674168644
Loop20-theta47,-0.01752220318292308
Loop20-theta48,-0.10990653883138768
Loop20-theta49,0.07586421311361646
Loop20-theta50,0.0033664701175881717
Loop20-theta51,-0.13749345592461956
Loop20-theta52,-0.08096735403230482
Loop20-theta53,0.02560545807149861
Loop20-theta54,0.1511347557126086
Loop20-theta55,-0.2381467853845618
Loop20-theta56,-0.1505297203451662
Loop20-theta57,0.1277515175788122
Loop20-theta58,0.03407172466145836
Loop20-theta59,0.10434004717470735
Loop20-theta60,-0.11032060827940326
Loop20-theta61,-0.26371189101378767
Loop20-theta62,0.20674526596223608
Loop20-theta63,0.0252127468873784
Loop20-theta64,0.07127600949971835
Loop20-theta65,0.054633646654100976
Loop20-theta66,-0.16004280777619284
Loop20-theta67,-0.25121661548854735
Loop20-theta68,0.16173569650789624
Loop20-theta69,0.17026879215291718
Loop20-theta70,0.12944260003733565
Loop20-theta71,-0.018577079998267854
Loop20-theta72,-0.02619003872986625
Loop20-theta73,0.08727940663830713
Loop20-theta74,0.06243738542070454
Loop20-theta75,0.06643472512239623
Loop20-theta76,-0.06457494635558964
Loop20-theta77,0.030266384385554623
Loop20-theta78,0.2759112901798708
Loop20-theta79,0.11033180100760942
Loop20-theta80,0.12042706273691817
Loop20-theta81,-0.004423563087156385
Loop20-theta82,0.0384221849322921
Loop20-theta83,0.07180059464076172
Loop20-theta84,0.031237091510832315
Loop20-theta85,0.20464100539901642
Loop20-theta86,0.13970467070759018
Loop20-theta87,0.14001600634063482
Loop20-theta88,-0.08690845938537128
Loop20-theta89,0.20522830578047713
Loop20-theta90,-0.02556863331385628
Loop20-theta91,-0.0565887841959033
Loop20-theta92,-0.05366503686058666
Loop20-theta93,0.07552526870302556
Loop20-theta94,-0.001973291688455392
Loop20-theta95,0.15617869686809266
Loop20-theta96,0.18492787909522646
Loop20-theta97,0.00910668547918947
Loop20-theta98,-0.03586510869009363
Loop20-theta99,0.046815705472663394
Loop21-beta_i4,0.004564927564751464
Loop21-beta_i5,0.03478419181903347
Loop21-beta_i6,0.030747678608982587
Loop21-beta_i7,-0.02332329722078727
Loop21-beta_i8,-0.03714755055669744
Loop21-beta_i9,-0.025431665763432143
Loop21-beta_r5,0.042140686119655324
Loop21-beta_r6,0.0565765950303741
Loop21-beta_r7,0.021949054570768456
Loop21-beta_r8,0.0012395219041529681
Loop21-beta_r9,0.05242006423668029
Loop21-d_k1,0.04580050870647556
Loop21-d_k2,-0.027287619106982575
Loop21-d_k3,-0.011744834596692011
Loop21-d_k4,-0.006768055002801643
Loop21-theta0,0.23666393366837002
Loop21-theta1,0.06124202707011669
Loop21-theta2,0.07510372859559822
Loop21-theta3,-0.12537533559440805
Loop21-theta4,-0.06659890815825309
Loop21-theta5,0.010127586429519608
Loop21-theta6,0.23084578779381867
Loop21-theta7,0.07376682651406699
Loop21-theta8,0.030339873593426492
Loop21-theta9,-0.30062022458741366
Loop21-theta10,0.2115356949717997
Loop21-theta11,0.05596798467567343
Loop21-theta12,0.13938628822402532
Loop21-theta13,0.10102710668961135
Loop21-theta14,0.03729880423781072
Loop21-theta15,0.03327774668370154
Loop21-theta16,0.02175698855481578
Loop21-theta17,0.18392257415320978
Loop21-theta18,-0.03079578880175282
Loop21-theta19,0.06289213330731602
Loop21-theta20,0.20577127569569376
Loop21-theta21,0.10858782421385738
Loop21-theta22,0.0912577361361056
Loop21-theta23,-0.11757837370952173
Loop21-theta24,0.22655039390337262
Loop21-theta25,0.04689680018447406
Loop21-theta26,0.12983341314139318
Loop21-theta27,0.2813799153436961
Loop21-theta28,0.09203367035147277
Loop21-theta29,-0.01013950652066864
Loop21-theta30,-0.0758890861954924
Loop21-theta31,0.14588621574184124
Loop21-theta32,0.11739212598749171
Loop21-theta33,0.09383326850274831
Loop21-theta34,0.13135859581275833
Loop21-theta35,0.1736466712519787
Loop21-theta36,0.16950944162524584
Loop21-theta37,-0.020275457492130722
Loop21-theta38,0.0599599325234943
Loop21-theta39,-0.12730552705574172
Loop21-theta40,0.12292271095007778
Loop21-theta41,2.590710525445239E-4
Loop21-theta42,0.15083195236495794
Loop21-theta43,0.04361651931227374
Loop21-theta44,-0.14655851096274053
Loop21-theta45,0.24680266045000676
Loop21-theta46,-0.08255604427174573
Loop21-theta47,-0.011575247721688164
Loop21-theta48,0.1541883030584913
Loop21-theta49,0.18227826455400212
Loop21-theta50,-0.03473374410157004
Loop21-theta51,-0.038108077668066453
Loop21-theta52,0.04110629411928035
Loop21-theta53,0.021083498990288274
Loop21-theta54,-0.13643396152732468
Loop21-theta55,-0.013682364489365273
Loop21-theta56,0.12312354335480435
Loop21-theta57,-0.0665103128726181
Loop21-theta58,0.031712349376708304
Loop21-theta59,-0.07153078743978836
Loop21-theta60,0.022863855591246263
Loop21-theta61,0.08896671233714754
Loop21-theta62,0.04408054223589114
Loop21-theta63,-0.014296367216186712
Loop21-theta64,0.14446444474927
Loop21-theta65,-0.0722609841406785
Loop21-theta66,-0.12855968212399915
Loop21-theta67,0.026007475038186678
Loop21-theta68,0.16498342018447443
Loop21-theta69,0.109524219228705
Loop21-theta70,0.013857265904911653
Loop21-theta71,-0.16799423061302507
Loop21-theta72,0.02330952953792298
Loop21-theta73,0.10991095227434755
Loop21-theta74,-0.012487478827465343
Loop21-theta75,0.0847961278195814
Loop21-theta76,0.14352847822769688
Loop21-theta77,0.13563812740844305
Loop21-theta78,-0.09771604300806258
Loop21-theta79,-0.2019418293277182
Loop21-theta80,-0.10362170982801211
Loop21-theta81,0.18646330601977223
Loop21-theta82,-0.0970009581192619
Loop21-theta83,-0.0757791603756856
Loop21-theta84,-0.14544577089294752
Loop21-theta85,0.10471402582656353
Loop21-theta86,0.20750977364766632
Loop21-theta87,-0.037115923438331144
Loop21-theta88,0.008108171949610998
Loop21-theta89,0.19870099006161124
Loop21-theta90,0.06780829662337451
Loop21-theta91,-0.0942755748251477
Loop21-theta92,-0.011727013336696235
Loop21-theta93,-0.012499835779344964
Loop21-theta94,0.08318062467544685
Loop21-theta95,0.18281246753421082
Loop21-theta96,0.23832590757982788
Loop21-theta97,0.01678540611443713
Loop21-theta98,0.13124808340731287
Loop21-theta99,-0.01689823063204754
Loop22-beta_i4,0.11213866903578884
Loop22-beta_i5,0.0152888096023035
Loop22-beta_i6,-0.02437232424582278
Loop22-beta_i7,0.04241411563333042
Loop22-beta_i8,0.04044990831440165
Loop22-beta_i9,-0.007383073078900085
Loop22-beta_r5,-0.029549620162526047
Loop22-beta_r6,-0.09407362969600627
Loop22-beta_r7,-0.09492575038923401
Loop22-beta_r8,-0.06236639069990746
Loop22-beta_r9,-0.044611246089766105
Loop22-d_k1,0.005098620596039605
Loop22-d_k2,-0.06163188239813355
Loop22-d_k3,-0.0011301651618880748
Loop22-d_k4,0.05766342696398219
Loop22-theta0,-0.0644587116712092
Loop22-theta1,0.009947484542042848
Loop22-theta2,-0.08186594976806649
Loop22-theta3,-0.01964211340600558
Loop22-theta4,-0.06267998454052293
Loop22-theta5,0.02729191370261186
Loop22-theta6,-0.0334445528079359
Loop22-theta7,0.1363788110303058
Loop22-theta8,-0.032637564506362404
Loop22-theta9,-0.14688885777804495
Loop22-theta10,-0.02585423062403147
Loop22-theta11,-0.13272748133186685
Loop22-theta12,-0.029749697067918912
Loop22-theta13,-0.21008620401592992
Loop22-theta14,-0.013812812098469296
Loop22-theta15,-0.028990397689069553
Loop22-theta16,0.15009544490145998
Loop22-theta17,0.04739849399814322
Loop22-theta18,-0.10862031009432571
Loop22-theta19,-0.23665785665340877
Loop22-theta20,-0.17817101633608234
Loop22-theta21,0.09342984627509265
Loop22-theta22,-0.4236780318225306
Loop22-theta23,0.12629903653702712
Loop22-theta24,-0.10143209015039345
Loop22-theta25,-0.006680892286320406
Loop22-theta26,-0.010944218474648992
Loop22-theta27,-0.01811247288152129
Loop22-theta28,-0.11392075982002525
Loop22-theta29,-0.03657582514663327
Loop22-theta30,-0.25878716908691535
Loop22-theta31,-0.07954761552680523
Loop22-theta32,-0.09047135129908429
Loop22-theta33,0.038378973748128264
Loop22-theta34,-0.12972815184530173
Loop22-theta35,-0.16260817787492132
Loop22-theta36,-0.09667825653933781
Loop22-theta37,-0.0774051483628665
Loop22-theta38,0.07880797565113462
Loop22-theta39,0.023676438606244105
Loop22-theta40,-0.1686666287107106
Loop22-theta41,-0.008318084552316807
Loop22-theta42,-0.11986887480965325
Loop22-theta43,-0.07230622379084939
Loop22-theta44,-0.10181696848946298
Loop22-theta45,0.0019741733772408896
Loop22-theta46,0.0014102595303322474
Loop22-theta47,-0.29817540832936296
Loop22-theta48,0.0094676357252384
Loop22-theta49,0.10715788616320865
Loop22-theta50,-0.133728751732547
Loop22-theta51,-0.17531452784751256
Loop22-theta52,0.1715059004714653
Loop22-theta53,-0.04229815951739102
Loop22-theta54,-0.1400771929351371
Loop22-theta55,0.05924737574714431
Loop22-theta56,-0.043553119690168285
Loop22-theta57,-0.021156300730040045
Loop22-theta58,-0.07731778082777918
Loop22-theta59,0.19696979558817795
Loop22-theta60,0.06695033433714415
Loop22-theta61,-0.042485215233927565
Loop22-theta62,-0.1798712758710277
Loop22-theta63,-0.17781424485322783
Loop22-theta64,0.2927861718726119
Loop22-theta65,0.059694515611224075
Loop22-theta66,-0.0876423395140285
Loop22-theta67,-0.0493570150949445
Loop22-theta68,-0.06882411540013389
Loop22-theta69,-0.05446485651182742
Loop22-theta70,0.07443509988525387
Loop22-theta71,0.02717824895369292
Loop22-theta72,-0.040809330421673284
Loop22-theta73,-0.06537805749574066
Loop22-theta74,-0.04230411965431363
Loop22-theta75,0.1768617132855297
Loop22-theta76,-0.052489262637200385
Loop22-theta77,-0.05034308245117591
Loop22-theta78,-0.16443284361794785
Loop22-theta79,0.1316688304933778
Loop22-theta80,-0.16282307237812904
Loop22-theta81,-0.033074846166059046
Loop22-theta82,-0.11634853207209
Loop22-theta83,0.0884723372127556
Loop22-theta84,0.12334398667183843
Loop22-theta85,0.04680907606810736
Loop22-theta86,-0.10703996759067214
Loop22-theta87,-0.04177416026996783
Loop22-theta88,0.011616327131446225
Loop22-theta89,-0.23104436045242804
Loop22-theta90,-0.0243892716193711
Loop22-theta91,-0.1867296893812752
Loop22-theta92,-0.018086985466537087
Loop22-theta93,0.0355171530632048
Loop22-theta94,-0.23904914622369736
Loop22-theta95,-0.08052253933095299
Loop22-theta96,0.009699092623572048
Loop22-theta97,-0.004919876617207608
Loop22-theta98,0.014444191962106667
Loop22-theta99,0.12152572496851621
Loop23-beta_i4,0.044726293173108056
Loop23-beta_i5,0.12703688462088117
Loop23-beta_i6,0.02396538118745717
Loop23-beta_i7,0.030487073916445895
Loop23-beta_i8,0.05693150097333499
Loop23-beta_i9,-0.04954432959821864
Loop23-beta_r5,-0.02722386775137242
Loop23-beta_r6,0.011088201116010499
Loop23-beta_r7,0.0417075254585938
Loop23-beta_r8,-0.058048670214107645
Loop23-beta_r9,-0.014988026807479793
Loop23-d_k1,0.047389237434943166
Loop23-d_k2,0.012523803444896453
Loop23-d_k3,0.044233460406497005
Loop23-d_k4,-0.10414650128633685
Loop23-theta0,0.034756226600240026
Loop23-theta1,-0.023559781541602653
Loop23-theta2,-0.09435117002731164
Loop23-theta3,-0.3169862703216335
Loop23-theta4,0.15386903116913184
Loop23-theta5,-0.02117990331770858
Loop23-theta6,-0.1435723941203377
Loop23-theta7,0.21213305304750327
Loop23-theta8,0.12453760532102809
Loop23-theta9,0.02987872453104365
Loop23-theta10,-0.006865164624931586
Loop23-theta11,0.3147628107683591
Loop23-theta12,-0.09387156871215345
Loop23-theta13,0.08611947615085497
Loop23-theta14,-0.10255622696419886
Loop23-theta15,-0.02875349565991256
Loop23-theta16,-0.0737202454150847
Loop23-theta17,0.037610202792593195
Loop23-theta18,-0.07585486339404046
Loop23-theta19,0.046530225786877696
Loop23-theta20,-0.12416227063780538
Loop23-theta21,0.0664539968262099
Loop23-theta22,-0.039078088736073324
Loop23-theta23,0.06982595729739405
Loop23-theta24,0.17472525569879505
Loop23-theta25,0.22102817264253793
Loop23-theta26,-0.03404872226759723
Loop23-theta27,0.0295499005794575
Loop23-theta28,0.32209298028592137
Loop23-theta29,0.07919355794313532
Loop23-theta30,0.04705052552838995
Loop23-theta31,-0.147779008161397
Loop23-theta32,-0.05466169655681352
Loop23-theta33,0.12568764237403762
Loop23-theta34,0.32709081579332944
Loop23-theta35,0.02656631943271387
Loop23-theta36,-0.028981940541639606
Loop23-theta37,0.25157957633700034
Loop23-theta38,0.1664474619855727
Loop23-theta39,-0.00209407730323119
Loop23-theta40,-0.01934048290705087
Loop23-theta41,-0.03295418085965707
Loop23-theta42,-0.05819853093045735
Loop23-theta43,0.008503135728887334
Loop23-theta44,0.09044299695770808
Loop23-theta45,0.18334681262893504
Loop23-theta46,0.016920197388184066
Loop23-theta47,-0.21096827575208804
Loop23-theta48,0.05822265305741614
Loop23-theta49,0.03981113388668128
Loop23-theta50,0.3252484942474392
Loop23-theta51,-0.0596301307965067
Loop23-theta52,0.07813213140504577
Loop23-theta53,-0.13318992053588996
Loop23-theta54,0.15405324329895798
Loop23-theta55,-0.09603741355686957
Loop23-theta56,0.03892147637265819
Loop23-theta57,0.13246734350524558
Loop23-theta58,-0.12553361451888234
Loop23-theta59,0.05401227076018858
Loop23-theta60,0.1489100565766437
Loop23-theta61,0.038627950879327244
Loop23-theta62,0.12347976315249509
Loop23-theta63,0.1598880717792901
Loop23-theta64,0.23861571403542348
Loop23-theta65,0.2581786434250216
Loop23-theta66,0.12773259561686512
Loop23-theta67,0.12607327038639413
Loop23-theta68,0.2816763153103496
Loop23-theta69,0.03316241132955616
Loop23-theta70,0.043632478625700744
Loop23-theta71,-0.07738179942035323
Loop23-theta72,-0.1416156332908769
Loop23-theta73,0.008872364586434145
Loop23-theta74,-0.03454904563246708
Loop23-theta75,-0.09679034404820241
Loop23-theta76,0.034326707767400766
Loop23-theta77,0.15749775764337648
Loop23-theta78,0.01583676028499925
Loop23-theta79,0.060030503988486306
Loop23-theta80,0.2490980510229206
Loop23-theta81,0.1973599266031325
Loop23-theta82,0.14254497994688053
Loop23-theta83,-0.11452804301427327
Loop23-theta84,-0.0117100706819675
Loop23-theta85,-0.10446141955262625
Loop23-theta86,-0.12881518279437396
Loop23-theta87,0.32496039617313466
Loop23-theta88,0.13915256652757446
Loop23-theta89,0.14567439730909904
Loop23-theta90,-0.1122690966760993
Loop23-theta91,0.06783935720860534
Loop23-theta92,-0.02454102725250995
Loop23-theta93,-0.013415013341430693
Loop23-theta94,0.12628034106389718
Loop23-theta95,-0.16346866662067527
Loop23-theta96,0.009952766980170669
Loop23-theta97,-0.1553548376232199
Loop23-theta98,0.14678865659436235
Loop23-theta99,0.08712931848866523
Loop24-beta_i4,0.01900479135148614
Loop24-beta_i5,0.07312522072727223
Loop24-beta_i6,0.003209823559732289
Loop24-beta_i7,0.047984779631662006
Loop24-beta_i8,0.09184033410989906
Loop24-beta_i9,0.02973882761206305
Loop24-beta_r5,-0.02099052004513169
Loop24-beta_r6,0.08849620328086516
Loop24-beta_r7,0.00513201897608262
Loop24-beta_r8,0.035062226841358624
Loop24-beta_r9,-0.014755994876129552
Loop24-d_k1,0.019519178755276423
Loop24-d_k2,-0.09195312960056251
Loop24-d_k3,0.03741992271468636
Loop24-d_k4,0.03501402813059906
Loop24-theta0,0.001944089524956616
Loop24-theta1,0.030775300371425063
Loop24-theta2,0.02446288057922219
Loop24-theta3,-0.06493812121743814
Loop24-theta4,-0.21719786753729275
Loop24-theta5,0.02124231605804877
Loop24-theta6,-0.20234448631472812
Loop24-theta7,0.06427324443456195
Loop24-theta8,0.010565199109773271
Loop24-theta9,-0.023821263011950145
Loop24-theta10,-0.14729434743638614
Loop24-theta11,-0.002541715251276777
Loop24-theta12,0.031333886286667445
Loop24-theta13,0.051506838705504335
Loop24-theta14,-0.006109329760337956
Loop24-theta15,0.09808539908253722
Loop24-theta16,-0.06712733221453437
Loop24-theta17,0.4148484719040948
Loop24-theta18,-0.03335430253441074
Loop24-theta19,-0.1379307822961553
Loop24-theta20,0.018496375500901108
Loop24-theta21,0.08009118572186646
Loop24-theta22,-0.23123913322025502
Loop24-theta23,-0.16775157302425842
Loop24-theta24,-0.04765321202489359
Loop24-theta25,0.005189148788296016
Loop24-theta26,-0.0846166658948535
Loop24-theta27,0.18795568777330998
Loop24-theta28,0.6277973585983148
Loop24-theta29,-0.011286476073071983
Loop24-theta30,0.023061336258833665
Loop24-theta31,-0.032136714267282374
Loop24-theta32,0.15806460552367224
Loop24-theta33,0.33570544719134876
Loop24-theta34,-0.15916150117219757
Loop24-theta35,-0.05153552492544559
Loop24-theta36,-0.05047506074603958
Loop24-theta37,-0.01779272002685095
Loop24-theta38,0.03754622263281815
Loop24-theta39,-0.03893492430334122
Loop24-theta40,-0.2630178537005814
Loop24-theta41,0.18865860207801516
Loop24-theta42,-0.17791249797716924
Loop24-theta43,-0.04957406718001256
Loop24-theta44,-0.027213434581940754
Loop24-theta45,0.14214693176485582
Loop24-theta46,0.1335580256391542
Loop24-theta47,-0.0747897573445131
Loop24-theta48,-0.04590969433459302
Loop24-theta49,-0.26583097358044716
Loop24-theta50,-0.037989415625735934
Loop24-theta51,-0.12389998793216006
Loop24-theta52,-0.13486852072618483
Loop24-theta53,0.11690201424085012
Loop24-theta54,0.08812105023844713
Loop24-theta55,0.123478669788885
Loop24-theta56,-0.08581882486232362
Loop24-theta57,-0.10020010584475547
Loop24-theta58,-0.12584112410255255
Loop24-theta59,-0.004542444064867812
Loop24-theta60,0.1363183799347918
Loop24-theta61,0.7227034431201265
Loop24-theta62,-0.023904932394643863
Loop24-theta63,0.15024544645167265
Loop24-theta64,-0.08756553216158677
Loop24-theta65,-0.0809176075598923
Loop24-theta66,0.13929971952171427
Loop24-theta67,0.11218637918919194
Loop24-theta68,0.03755171899594845
Loop24-theta69,-0.10853486290901082
Loop24-theta70,0.19665791299032476
Loop24-theta71,-0.03900069349822418
Loop24-theta72,-0.025094813215813583
Loop24-theta73,-0.10301403755745081
Loop24-theta74,-0.06853797919449733
Loop24-theta75,0.18317338665899607
Loop24-theta76,0.05509201802490171
Loop24-theta77,0.12445373370371621
Loop24-theta78,-0.3759546544114474
Loop24-theta79,0.14812951347022296
Loop24-theta80,0.07681192758531274
Loop24-theta81,-0.1261517848592722
Loop24-theta82,-0.10172989936078536
Loop24-theta83,-0.025049950366329732
Loop24-theta84,-0.01800185044211655
Loop24-theta85,0.45466799157856963
Loop24-theta86,0.11630915374110673
Loop24-theta87,0.22334266198543706
Loop24-theta88,-0.016982572412292063
Loop24-theta89,-0.07374490244973919
Loop24-theta90,-0.17279109095382372
Loop24-theta91,0.12979639805718424
Loop24-theta92,0.008359149852256276
Loop24-theta93,0.1280021582111811
Loop24-theta94,0.144492644373721
Loop24-theta95,-0.16957598949278258
Loop24-theta96,0.36521423240519946
Loop24-theta97,-0.4440734963567621
Loop24-theta98,-0.036989195770799954
Loop24-theta99,-0.1593217130294049
Loop25-beta_i4,0.06357441263719088
Loop25-beta_i5,0.006213473734745485
Loop25-beta_i6,-0.0274774960452987
Loop25-beta_i7,0.015471515850226991
Loop25-beta_i8,0.07175555751102139
Loop25-beta_i9,0.13655638099281142
Loop25-beta_r5,0.10412618811266283
Loop25-beta_r6,-0.011361987454013012
Loop25-beta_r7,-0.018643278327678026
Loop25-beta_r8,0.08312530308026012
Loop25-beta_r9,0.09486090549484205
Loop25-d_k1,-0.010565253086543214
Loop25-d_k2,-0.005238244189093998
Loop25-d_k3,0.017619534230785883
Loop25-d_k4,-0.0018160369551488698
Loop25-theta0,0.026927987550756205
Loop25-theta1,0.06863292604494498
Loop25-theta2,0.009358930619785655
Loop25-theta3,0.15528577990213394
Loop25-theta4,0.07279918877770974
Loop25-theta5,0.0050849301187674625
Loop25-theta6,0.16208032314378626
Loop25-theta7,-0.12495817109984114
Loop25-theta8,0.3684854415902026
Loop25-theta9,0.339137723325873
Loop25-theta10,0.17424281294485705
Loop25-theta11,0.1679168784520486
Loop25-theta12,0.0850799499909295
Loop25-theta13,0.12378907704054237
Loop25-theta14,-0.07262732623329238
Loop25-theta15,-0.20664594468904252
Loop25-theta16,0.16803043622621777
Loop25-theta17,0.08912889552501935
Loop25-theta18,-0.02904002013244443
Loop25-theta19,0.01603122194177875
Loop25-theta20,-0.09917772318362156
Loop25-theta21,0.03390063724096348
Loop25-theta22,0.03423631222746987
Loop25-theta23,0.09247815572496709
Loop25-theta24,0.1912879959461682
Loop25-theta25,0.2524996148884736
Loop25-theta26,0.07496964438865905
Loop25-theta27,0.08610156443072503
Loop25-theta28,0.00823764369680316
Loop25-theta29,-0.07454582742219884
Loop25-theta30,0.022009625966666446
Loop25-theta31,-0.056817951561857205
Loop25-theta32,-0.045252384773948856
Loop25-theta33,0.02855219806236675
Loop25-theta34,0.030290746406144042
Loop25-theta35,-0.013730635996076712
Loop25-theta36,-0.1108521033333193
Loop25-theta37,0.33079187054852266
Loop25-theta38,0.12320638376170656
Loop25-theta39,0.013054931635305245
Loop25-theta40,-0.00983957188275908
Loop25-theta41,-0.1932227751967649
Loop25-theta42,0.2592710898506887
Loop25-theta43,0.042784176372691274
Loop25-theta44,0.08968793806801423
Loop25-theta45,0.1884518222403837
Loop25-theta46,0.008376869417380473
Loop25-theta47,-0.18504210155470302
Loop25-theta48,0.17246975615506477
Loop25-theta49,0.10146100361140276
Loop25-theta50,0.03830745707386851
Loop25-theta51,0.11363190481996888
Loop25-theta52,-0.22169689337771936
Loop25-theta53,0.2668873902289439
Loop25-theta54,-0.04035262705868847
Loop25-theta55,-0.03524770681657241
Loop25-theta56,0.013300388542508035
Loop25-theta57,-0.09345224550211381
Loop25-theta58,0.05640093248204975
Loop25-theta59,0.03647601204150264
Loop25-theta60,0.050378017298818745
Loop25-theta61,0.10869516842736449
Loop25-theta62,0.095636223620026
Loop25-theta63,-0.11425247450601461
Loop25-theta64,0.08448741452315933
Loop25-theta65,-0.016416783964890325
Loop25-theta66,0.19788164405005793
Loop25-theta67,0.15338776496380213
Loop25-theta68,0.044069691936146294
Loop25-theta69,0.13964192253816288
Loop25-theta70,0.011281755149452073
Loop25-theta71,0.23788940714499174
Loop25-theta72,0.18517580564386196
Loop25-theta73,0.18173811406084717
Loop25-theta74,-0.017250322457417512
Loop25-theta75,-0.040611023468113405
Loop25-theta76,0.1257685258725334
Loop25-theta77,0.15279939440031365
Loop25-theta78,0.19414170028311495
Loop25-theta79,-0.08380676504370954
Loop25-theta80,0.051264221498381946
Loop25-theta81,-0.09040123584920745
Loop25-theta82,-0.039872574599896904
Loop25-theta83,0.1492422781245092
Loop25-theta84,0.018431567232590318
Loop25-theta85,0.17746396468814074
Loop25-theta86,0.00569995048076026
Loop25-theta87,0.15282955074405025
Loop25-theta88,0.033740165133487654
Loop25-theta89,0.027231950735758792
Loop25-theta90,-0.15539537158620403
Loop25-theta91,0.19082500091296384
Loop25-theta92,0.26369867658729595
Loop25-theta93,-0.061665651971215873
Loop25-theta94,-0.17896616050204395
Loop25-theta95,-0.22950709020920412
Loop25-theta96,0.07775035297541866
Loop25-theta97,0.2758075876643129
Loop25-theta98,-0.1725688799832943
Loop25-theta99,0.11553280533399204
Loop26-beta_i4,-0.09862564056206624
Loop26-beta_i5,0.0012036755324652537
Loop26-beta_i6,-0.03256217073225942
Loop26-beta_i7,0.039630397911548654
Loop26-beta_i8,-0.07088787448592443
Loop26-beta_i9,0.031949770312649464
Loop26-beta_r5,0.005123272708674298
Loop26-beta_r6,-0.02299494149907555
Loop26-beta_r7,0.052479992375539464
Loop26-beta_r8,0.06592577111137232
Loop26-beta_r9,0.024582980399069254
Loop26-d_k1,0.044244111714623724
Loop26-d_k2,-0.005837259895330901
Loop26-d_k3,-0.04602224827278359
Loop26-d_k4,0.0076153964534906304
Loop26-theta0,-0.21503727207933654
Loop26-theta1,-0.02019800433448493
Loop26-theta2,-0.011320742169089737
Loop26-theta3,-0.06083108552489558
Loop26-theta4,-0.01267467368411257
Loop26-theta5,0.01064166576563455
Loop26-theta6,0.036045689833800076
Loop26-theta7,0.0453323025113314
Loop26-theta8,0.05160896609037402
Loop26-theta9,-0.11914155195336118
Loop26-theta10,-0.19363738900579075
Loop26-theta11,0.21057302655516352
Loop26-theta12,-0.04595270607895108
Loop26-theta13,-0.11038491888175953
Loop26-theta14,-0.08087766348296654
Loop26-theta15,-0.047054881929639206
Loop26-theta16,0.03200058590294319
Loop26-theta17,0.17494503929381988
Loop26-theta18,0.18539612826543161
Loop26-theta19,0.08704514878158065
Loop26-theta20,-0.038550724795544666
Loop26-theta21,0.10605062067978877
Loop26-theta22,-0.13432541208352178
Loop26-theta23,0.013449125982058607
Loop26-theta24,0.061600906244106635
Loop26-theta25,0.04896802512237208
Loop26-theta26,-0.04299276888987391
Loop26-theta27,-0.0832691928486532
Loop26-theta28,-0.04590226813682152
Loop26-theta29,0.011707007099026612
Loop26-theta30,0.06665443045774289
Loop26-theta31,0.019708235548987485
Loop26-theta32,0.021890578555137097
Loop26-theta33,0.13892116639598207
Loop26-theta34,0.0035752274032112563
Loop26-theta35,0.18252684823134857
Loop26-theta36,0.08264504151366237
Loop26-theta37,0.10359609727168623
Loop26-theta38,-0.013413578672735182
Loop26-theta39,-0.045803217564502896
Loop26-theta40,0.02825271478436564
Loop26-theta41,-0.01908427070914058
Loop26-theta42,0.05148161229126469
Loop26-theta43,-0.0038366798992521822
Loop26-theta44,0.1960330209596466
Loop26-theta45,-0.005481520210860041
Loop26-theta46,-0.07873037231976396
Loop26-theta47,0.15917514489264784
Loop26-theta48,-0.08014432604312147
Loop26-theta49,0.08562983398850643
Loop26-theta50,0.09022520453959837
Loop26-theta51,0.0029394236016677955
Loop26-theta52,-0.005440290461585451
Loop26-theta53,-0.027824451052288077
Loop26-theta54,-0.05342477714024674
Loop26-theta55,0.33680376148264357
Loop26-theta56,0.16082041952199
Loop26-theta57,-0.14082509313973166
Loop26-theta58,0.17737156263205067
Loop26-theta59,0.1842825102072032
Loop26-theta60,0.21559981103705605
Loop26-theta61,0.13769074311372764
Loop26-theta62,-0.04369661403549607
Loop26-theta63,-0.23811906864323662
Loop26-theta64,0.17596026331199677
Loop26-theta65,0.18447166094536982
Loop26-theta66,-0.21942582020658064
Loop26-theta67,0.10102070610690239
Loop26-theta68,0.13030810653695934
Loop26-theta69,0.0058699041800009955
Loop26-theta70,0.08174678890893497
Loop26-theta71,-0.022180717899780378
Loop26-theta72,-0.06772850684966991
Loop26-theta73,-0.015502079916569045
Loop26-theta74,0.09621897551076153
Loop26-theta75,-0.024804287922969626
Loop26-theta76,-0.09454104881325098
Loop26-theta77,0.03949242971645367
Loop26-theta78,0.10963497948685486
Loop26-theta79,0.010102090341386205
Loop26-theta80,0.03136630347881675
Loop26-theta81,0.04598285732409224
Loop26-theta82,0.07963025433369118
Loop26-theta83,-0.07938418400279193
Loop26-theta84,-0.030129680728952724
Loop26-theta85,-0.131144125819884
Loop26-theta86,-0.061204642741958915
Loop26-theta87,-0.08616024289739059
Loop26-theta88,-0.0245869424563514
Loop26-theta89,-0.1053957378914642
Loop26-theta90,0.008318015002796053
Loop26-theta91,-0.06458799365927681
Loop26-theta92,0.16523793240799733
Loop26-theta93,0.09113009064946032
Loop26-theta94,-0.2389203612791846
Loop26-theta95,0.05009821854026919
Loop26-theta96,0.1632665064283983
Loop26-theta97,0.12126864579606411
Loop26-theta98,0.07230242788540098
Loop26-theta99,0.10969580381345878
Loop27-beta_i4,-0.05312056730473902
Loop27-beta_i5,-0.016912145103492926
Loop27-beta_i6,0.010601395703740302
Loop27-beta_i7,-0.08904970373448562
Loop27-beta_i8,-0.013423041125068202
Loop27-beta_i9,-0.04382471752868061
Loop27-beta_r5,0.005865169924314295
Loop27-beta_r6,0.165163303821812
Loop27-beta_r7,-0.0031862909283292273
Loop27-beta_r8,0.04295604998791358
Loop27-beta_r9,0.007893806705846051
Loop27-d_k1,0.0233120995143814
Loop27-d_k2,-0.014402720623486496
Loop27-d_k3,0.017222453452874376
Loop27-d_k4,-0.026131832343769146
Loop27-theta0,0.09617922728900052
Loop27-theta1,0.05370659995796201
Loop27-theta2,0.06579459075253452
Loop27-theta3,0.08878028111709169
Loop27-theta4,0.05415899096687371
Loop27-theta5,0.020687761360488333
Loop27-theta6,0.01097068730421824
Loop27-theta7,-0.10499606847406062
Loop27-theta8,0.01623866751989228
Loop27-theta9,0.027102214378845968
Loop27-theta10,-0.020879081811373545
Loop27-theta11,0.1247741745740425
Loop27-theta12,-0.14425808212291513
Loop27-theta13,-0.04411252264468368
Loop27-theta14,0.13890229621493103
Loop27-theta15,-0.07560432473974521
Loop27-theta16,-0.14427162668712334
Loop27-theta17,0.03322604712566957
Loop27-theta18,-0.062164196772956926
Loop27-theta19,-0.06620448572819963
Loop27-theta20,0.006380988290833223
Loop27-theta21,-0.12558633917217532
Loop27-theta22,-0.12607316235695554
Loop27-theta23,0.12488958780952436
Loop27-theta24,-0.1445591160951716
Loop27-theta25,0.17042342308625213
Loop27-theta26,0.11758646916447901
Loop27-theta27,-0.13119946334222077
Loop27-theta28,0.12947768086284084
Loop27-theta29,-0.021150627533310817
Loop27-theta30,-0.05371717057653169
Loop27-theta31,0.03694116298794947
Loop27-theta32,0.1281437188449489
Loop27-theta33,0.0236824142685943
Loop27-theta34,-0.18048926717625663
Loop27-theta35,0.1637992732430371
Loop27-theta36,0.16224699153820277
Loop27-theta37,0.0049222263706637515
Loop27-theta38,0.06589502745894427
Loop27-theta39,-0.08217041254718394
Loop27-theta40,0.20812957601903892
Loop27-theta41,0.002822797373628283
Loop27-theta42,0.1492087145602462
Loop27-theta43,0.13436877492287774
Loop27-theta44,0.023264834603596407
Loop27-theta45,0.01441432659765271
Loop27-theta46,0.20263883196196986
Loop27-theta47,-0.07251966244119223
Loop27-theta48,-0.04318431393097377
Loop27-theta49,-0.16153567245530642
Loop27-theta50,0.08615761775878493
Loop27-theta51,-0.05638292340374401
Loop27-theta52,0.18864002442662778
Loop27-theta53,0.024084084331108535
Loop27-theta54,0.10734530515602203
Loop27-theta55,0.014735132912211957
Loop27-theta56,0.06442435106154565
Loop27-theta57,0.03156762320325468
Loop27-theta58,-0.07877302810080733
Loop27-theta59,0.1781039160146074
Loop27-theta60,0.07901210101990719
Loop27-theta61,0.0915264836027414
Loop27-theta62,-0.025440201190792544
Loop27-theta63,-0.039761910844807735
Loop27-theta64,0.03249840173433838
Loop27-theta65,-0.09443401622557768
Loop27-theta66,-0.07423742267974454
Loop27-theta67,0.1108296784361511
Loop27-theta68,0.09564661117379702
Loop27-theta69,-0.058670581078364106
Loop27-theta70,0.05501963737259219
Loop27-theta71,0.015566261116101654
Loop27-theta72,0.07133191402617323
Loop27-theta73,0.12217582524348919
Loop27-theta74,0.08806706484016458
Loop27-theta75,-0.05812585475427505
Loop27-theta76,0.07016575270124448
Loop27-theta77,0.10633486762231828
Loop27-theta78,0.17131411130545127
Loop27-theta79,-0.06756324223383936
Loop27-theta80,0.15918302241136273
Loop27-theta81,0.039837619141524394
Loop27-theta82,0.1308871610532254
Loop27-theta83,0.15837146945067326
Loop27-theta84,0.31182919758245875
Loop27-theta85,-0.01787630153682951
Loop27-theta86,0.004610180392577101
Loop27-theta87,0.03923595091641885
Loop27-theta88,0.13965050459567036
Loop27-theta89,-0.10789120900592974
Loop27-theta90,0.16118808712612998
Loop27-theta91,0.14655795398914664
Loop27-theta92,0.005508598549872949
Loop27-theta93,-0.06370138687981813
Loop27-theta94,0.15499616790649706
Loop27-theta95,0.10997365086641586
Loop27-theta96,-0.2019704312699646
Loop27-theta97,0.10838967220840298
Loop27-theta98,0.27705362388057986
Loop27-theta99,-0.018521300632154625
Loop28-beta_i4,-0.007243790764684371
Loop28-beta_i5,0.018927226848947765
Loop28-beta_i6,0.05306347950446333
Loop28-beta_i7,0.005029235335643811
Loop28-beta_i8,0.00897524785302184
Loop28-beta_i9,-0.01285786793824234
Loop28-beta_r5,-0.051207262236310946
Loop28-beta_r6,0.03200244893500892
Loop28-beta_r7,-0.02777395116551118
Loop28-beta_r8,0.05606420497571474
Loop28-beta_r9,-0.044018246218888335
Loop28-d_k1,0.01327933889988131
Loop28-d_k2,0.0054633297051016605
Loop28-d_k3,-0.015378452915284502
Loop28-d_k4,-0.0033642156897011333
Loop28-theta0,0.16796280043408585
Loop28-theta1,0.06617709672888555
Loop28-theta2,0.1477134848095456
Loop28-theta3,0.05693478707560139
Loop28-theta4,-0.1023146261675063
Loop28-theta5,0.12252862423202099
Loop28-theta6,0.08197671918768312
Loop28-theta7,-0.0960405448196498
Loop28-theta8,-0.04980227170788598
Loop28-theta9,0.22325396226503041
Loop28-theta10,0.1431614645083945
Loop28-theta11,0.005582065516869239
Loop28-theta12,-0.025945399602692487
Loop28-theta13,-0.15519825728227554
Loop28-theta14,-0.21962893222262203
Loop28-theta15,-0.19246976544430883
Loop28-theta16,-0.18452957962147276
Loop28-theta17,0.23496177442932525
Loop28-theta18,0.18195455343177572
Loop28-theta19,-0.07659347015659557
Loop28-theta20,0.06650507076873091
Loop28-theta21,-0.08332145242057587
Loop28-theta22,0.027948264082791968
Loop28-theta23,0.2088120319825133
Loop28-theta24,-0.10994511987255662
Loop28-theta25,0.08158591355410616
Loop28-theta26,-0.04031656015325469
Loop28-theta27,-0.08388144761184702
Loop28-theta28,0.1276136079864323
Loop28-theta29,-0.018500407448333367
Loop28-theta30,-0.027816801338312214
Loop28-theta31,0.25318102023769495
Loop28-theta32,-0.044621276756844575
Loop28-theta33,0.03686577499670507
Loop28-theta34,-0.14646374641938154
Loop28-theta35,-0.19427752819408917
Loop28-theta36,0.07759066977536633
Loop28-theta37,0.11234813677291944
Loop28-theta38,0.20358474071842078
Loop28-theta39,-0.14019059804109085
Loop28-theta40,-0.05286892552112482
Loop28-theta41,-0.06671175340565927
Loop28-theta42,0.17198208710647098
Loop28-theta43,0.055506866314162934
Loop28-theta44,-0.1114923275342804
Loop28-theta45,0.09577945026804657
Loop28-theta46,0.10064233095307529
Loop28-theta47,-0.01731709016852867
Loop28-theta48,0.05916126192031457
Loop28-theta49,-0.04875554384877065
Loop28-theta50,0.19326945860000555
Loop28-theta51,0.0633301725042153
Loop28-theta52,-0.08868078845292446
Loop28-theta53,-0.08135325584152908
Loop28-theta54,-0.044793570241005165
Loop28-theta55,-0.17019189731524015
Loop28-theta56,0.0028695865589073444
Loop28-theta57,-0.09499772568374021
Loop28-theta58,-0.010452834840881664
Loop28-theta59,0.12658044420961034
Loop28-theta60,0.21580126625965446
Loop28-theta61,0.11439266433127182
Loop28-theta62,-0.2131263198461466
Loop28-theta63,0.1256435240270708
Loop28-theta64,0.14714590161290875
Loop28-theta65,0.028304369399804637
Loop28-theta66,0.07478453227939363
Loop28-theta67,0.025889061983224965
Loop28-theta68,0.1922368123912923
Loop28-theta69,0.021209507995921806
Loop28-theta70,-0.0981331282705753
Loop28-theta71,0.0991922714655511
Loop28-theta72,0.039986254293375434
Loop28-theta73,0.08872707242920469
Loop28-theta74,0.2352641080271788
Loop28-theta75,0.02020939421071788
Loop28-theta76,-0.03294090764753688
Loop28-theta77,0.15057454406815118
Loop28-theta78,-0.13471843821686746
Loop28-theta79,-0.14213490300124465
Loop28-theta80,0.04856165373222421
Loop28-theta81,0.01906901565901245
Loop28-theta82,-0.022192846047915105
Loop28-theta83,-0.15870354291805133
Loop28-theta84,-0.06132520592955382
Loop28-theta85,0.18106060375257654
Loop28-theta86,0.15484586696340863
Loop28-theta87,0.06729706818689896
Loop28-theta88,-0.30229793922550097
Loop28-theta89,0.21347633332262705
Loop28-theta90,0.17440996419504612
Loop28-theta91,0.2244674491520553
Loop28-theta92,-0.20004078978389728
Loop28-theta93,-0.0973877736765703
Loop28-theta94,-0.043076705429283754
Loop28-theta95,0.09444937712599086
Loop28-theta96,-0.05465434961832538
Loop28-theta97,-0.05268394803329968
Loop28-theta98,-0.16033262626633799
Loop28-theta99,0.012953416390123484
Loop29-beta_i4,0.03063148554026235
Loop29-beta_i5,0.011566191121081593
Loop29-beta_i6,0.0331291785537402
Loop29-beta_i7,0.008050315581669354
Loop29-beta_i8,0.028096741889776844
Loop29-beta_i9,0.021069551978876278
Loop29-beta_r5,0.03826674311745293
Loop29-beta_r6,-0.003539886130504155
Loop29-beta_r7,0.10037530731209765
Loop29-beta_r8,0.0903751966925348
Loop29-beta_r9,0.04497755741146825
Loop29-d_k1,-0.020382107237468694
Loop29-d_k2,0.04782258613785717
Loop29-d_k3,0.013698363702066008
Loop29-d_k4,-0.04113884260245415
Loop29-theta0,0.2227613491960366
Loop29-theta1,0.09066701208737948
Loop29-theta2,0.20132524881113084
Loop29-theta3,0.2920462234914494
Loop29-theta4,0.02708985665418495
Loop29-theta5,0.0854596447544762
Loop29-theta6,0.06536250869145716
Loop29-theta7,0.01654378747919938
Loop29-theta8,-0.13637214712422974
Loop29-theta9,0.14901577607595257
Loop29-theta10,0.17547132391097597
Loop29-theta11,-0.07356748513541123
Loop29-theta12,0.17374845203058753
Loop29-theta13,0.0748871872219743
Loop29-theta14,0.21654772822528706
Loop29-theta15,0.02146879676437452
Loop29-theta16,0.14633059534852733
Loop29-theta17,0.27017702362702645
Loop29-theta18,0.13358479473366436
Loop29-theta19,0.08038193590099263
Loop29-theta20,-0.024161270959179
Loop29-theta21,0.10695459111398731
Loop29-theta22,0.11977679817710818
Loop29-theta23,0.13359273238916802
Loop29-theta24,-0.012286720298820164
Loop29-theta25,0.173199078001946
Loop29-theta26,0.25458032494093663
Loop29-theta27,0.2355205205102934
Loop29-theta28,-0.1414243016464397
Loop29-theta29,0.09658995836838202
Loop29-theta30,0.19317430492026955
Loop29-theta31,0.07758564453297567
Loop29-theta32,0.27168433138212755
Loop29-theta33,-0.1755930302975406
Loop29-theta34,0.0810338388969648
Loop29-theta35,0.005496403830805852
Loop29-theta36,0.2179616095529081
Loop29-theta37,0.1605422188777651
Loop29-theta38,0.05287802157262414
Loop29-theta39,-0.13178721541420052
Loop29-theta40,-0.022448645583357463
Loop29-theta41,0.05862506132254297
Loop29-theta42,0.22510059372966273
Loop29-theta43,0.1812082520776679
Loop29-theta44,0.03344062357489469
Loop29-theta45,0.054898725487703956
Loop29-theta46,0.3596994890685501
Loop29-theta47,0.15093233066112643
Loop29-theta48,0.0460387336564394
Loop29-theta49,-0.016305228935016736
Loop29-theta50,0.052719678616294674
Loop29-theta51,0.0720636797035441
Loop29-theta52,0.0789562078215747
Loop29-theta53,-7.389571129469696E-4
Loop29-theta54,0.07381541466737107
Loop29-theta55,-0.013563592439594874
Loop29-theta56,-0.046815713558730376
Loop29-theta57,-0.05657165397247234
Loop29-theta58,-0.06519970433372657
Loop29-theta59,-0.0032644261279512476
Loop29-theta60,-0.026881494763118408
Loop29-theta61,0.04764924304602203
Loop29-theta62,-0.0496775043501118
Loop29-theta63,0.02010927143824781
Loop29-theta64,0.10949762967287538
Loop29-theta65,0.07529273458639263
Loop29-theta66,0.07874941197156277
Loop29-theta67,0.11266950910212747
Loop29-theta68,0.02593491022094563
Loop29-theta69,0.04945615435926243
Loop29-theta70,0.21949166767506534
Loop29-theta71,0.11160728704235201
Loop29-theta72,0.09077896465639457
Loop29-theta73,0.3421820129035912
Loop29-theta74,0.07271003350512706
Loop29-theta75,0.47440911683363574
Loop29-theta76,0.05037852511435629
Loop29-theta77,0.12322779613254808
Loop29-theta78,-0.016679880226720845
Loop29-theta79,0.1562246417359192
Loop29-theta80,0.033080840642069426
Loop29-theta81,0.1483918483669473
Loop29-theta82,0.06866614157546969
Loop29-theta83,-0.019965662382283738
Loop29-theta84,-0.01439004271332045
Loop29-theta85,0.14774150028237626
Loop29-theta86,-0.057018814386447486
Loop29-theta87,0.03909143764480261
Loop29-theta88,0.0356712296336263
Loop29-theta89,0.08466229306726686
Loop29-theta90,0.08959977460030266
Loop29-theta91,0.036189118168958534
Loop29-theta92,0.1998311769229435
Loop29-theta93,0.22769705472599666
Loop29-theta94,0.11279480382682983
Loop29-theta95,-0.06486306160782364
Loop29-theta96,0.14805416872383786
Loop29-theta97,-0.25314429576084563
Loop29-theta98,-0.011164690366202823
Loop29-theta99,-0.02290981372583671
